ln 39
13 33 8 5 17 22 18 3 36 4 34 25 39 24 15 7 6 35 11 2 32 16 28 29 38 9 30 14 21 20 37 19 10 12 31 27 1 23 26
DPO-bot-13 DPO-bot-33 DPO-bot-8 DPO-bot-5 DPO-bot-17 DPO-bot-22 DPO-bot-18 DPO-bot-3 DPO-bot-36 DPO-bot-4 DPO-bot-34 DPO-bot-25 DPO-bot-39 DPO-bot-24 DPO-bot-15 DPO-bot-7 DPO-bot-6 DPO-bot-35 DPO-bot-11 DPO-bot-2 DPO-bot-32 DPO-bot-16 DPO-bot-28 DPO-bot-29 DPO-bot-38 DPO-bot-9 DPO-bot-30 DPO-bot-14 DPO-bot-21 DPO-bot-20 DPO-bot-37 DPO-bot-19 DPO-bot-10 DPO-bot-12 DPO-bot-31 DPO-bot-27 DPO-bot-1 DPO-bot-23 DPO-bot-26
135 164 8 153 148 86 125 181 97 3 79 104 79 17 50 133 189 186 175 174 91 55 126 57 101 82 12 115 127 198 143 162 161 6 37 48 59 171 30
58
159 47
25 139 119
81 135 183 20
72 177 97 190 170
59 20 115 108 114 22
67 156 143 160 147 160 128
13 69 41 21 5 92 77 192
184 160 126 155 145 105 55 23 115
72 122 89 145 168 183 24 163 171 163
45 154 129 40 69 168 73 141 83 179 9
149 97 44 104 28 178 182 140 9 39 79 68
59 68 148 86 47 122 74 85 182 146 191 187 125
157 125 99 42 119 24 169 139 106 91 86 157 36 184
76 63 15 66 135 31 143 144 123 101 39 4 35 188 26
26 96 123 156 190 103 120 160 80 137 164 72 60 44 23 103
12 144 152 14 200 7 106 150 176 118 184 134 128 200 138 14 150
138 29 157 98 52 29 120 194 45 134 136 42 165 1 122 57 58 31
175 13 34 22 191 182 44 169 84 133 154 142 78 98 145 17 165 189 198
99 85 173 56 199 112 37 180 184 89 174 12 143 109 37 145 117 172 11 3
27 102 96 127 112 172 85 156 140 91 128 149 119 187 107 186 83 195 148 6 141
131 99 74 24 11 153 37 99 191 16 104 119 99 159 13 38 72 147 61 173 75 80
174 163 146 46 54 143 3 121 47 160 197 20 53 160 11 44 29 116 123 19 131 41 21
158 53 43 114 142 173 95 186 34 17 75 18 3 49 120 118 13 83 154 150 125 127 157 9
25 73 113 119 40 67 31 89 125 153 44 61 140 189 138 65 170 163 88 160 82 132 150 105 183
127 21 159 152 126 185 105 146 84 153 144 170 33 84 111 67 7 118 122 90 68 45 179 105 16 152
41 129 177 191 110 23 100 80 179 155 95 125 37 99 91 165 22 61 8 168 116 92 93 78 134 147 193
76 145 7 122 87 39 42 114 141 60 172 105 151 93 25 68 42 103 98 134 186 109 105 137 92 115 65 134
3 142 195 178 85 12 83 192 89 90 162 83 130 18 155 81 150 181 10 88 104 88 33 85 47 51 88 180 45
114 123 147 145 166 107 93 197 39 154 51 115 103 31 19 163 77 57 153 168 96 75 196 73 58 84 15 58 134 189
101 24 127 6 134 177 98 155 170 112 122 66 23 77 43 175 23 13 35 36 98 143 181 111 172 186 10 20 151 12 20
124 62 171 117 51 30 14 49 104 140 58 109 90 2 144 185 109 154 139 61 10 95 149 74 112 88 193 91 50 62 153 100
194 187 155 103 200 35 109 124 104 82 135 122 157 151 92 196 59 45 84 153 144 56 64 43 105 73 193 117 55 176 186 16 148
20 89 28 109 2 90 184 21 140 100 131 97 153 171 3 118 99 2 136 16 152 139 101 169 136 186 65 29 148 128 85 145 111 72
130 151 156 31 58 130 20 94 199 152 167 96 17 112 75 161 73 195 28 196 176 172 8 98 47 33 145 63 174 126 41 193 3 98 195
161 6 76 200 179 189 67 157 14 16 103 30 167 149 11 109 94 104 34 96 197 175 8 172 171 32 142 12 65 45 23 176 83 99 72 123
113 98 79 181 85 46 184 39 114 120 86 198 141 37 141 73 55 187 135 119 113 25 153 167 159 12 158 174 167 118 77 115 98 35 100 7 27
90 190 115 46 189 119 111 31 170 185 169 30 44 139 59 26 160 188 48 43 121 49 4 180 63 124 127 199 12 8 43 160 102 96 152 134 30 100
ar 5 56 40
ar 60 70 117
mr 66 39 63
ap 40 DPO-bot-40 25
ap 35 DPO-bot-35 186
mr 65 16 -193
qbs
ar 14 25 161
qv 59 20
ar 76 73 166
ap 13 DPO-bot-13 135
ar 23 14 147
ap 41 DPO-bot-41 97
ar 20 77 56
ap 42 DPO-bot-42 91
ap 34 DPO-bot-34 79
qbs
ar 17 59 69
ap 19 DPO-bot-19 162
ap 2 DPO-bot-2 174
ap 3 DPO-bot-3 181
qci 51 54
mr 28 72 195
ap 43 DPO-bot-43 173
ar 4 72 79
ap 37 DPO-bot-37 143
ap 44 DPO-bot-44 81
ap 31 DPO-bot-31 37
qv 57 22
ar 22 61 13
qci 31 13
qbs
ar 66 77 164
ar 25 49 196
ar 35 76 53
mr 86 21 -79
ar 70 65 89
ap 45 DPO-bot-45 146
ap 11 DPO-bot-11 175
ap 31 DPO-bot-31 37
ap 16 DPO-bot-16 55
ar 16 31 146
ap 46 DPO-bot-46 41
ar 84 16 19
ap 47 DPO-bot-47 90
ar 74 37 46
qv 45 76
mr 80 92 117
mr 6 14 -148
qv 14 46
ap 46 DPO-bot-46 41
ap 36 DPO-bot-36 97
qbs
mr 30 71 -55
ap 48 DPO-bot-48 198
mr 31 47 149
qci 78 19
ar 79 65 182
ap 49 DPO-bot-49 81
mr 63 21 -15
ap 19 DPO-bot-19 162
qv 84 55
ap 50 DPO-bot-50 35
mr 18 68 -114
ap 1 DPO-bot-1 59
qci 8 4
ap 51 DPO-bot-51 174
mr 5 34 -32
mr 75 101 -21
ap 52 DPO-bot-52 171
ap 48 DPO-bot-48 198
ap 52 DPO-bot-52 171
ap 15 DPO-bot-15 50
qbs
ap 11 DPO-bot-11 175
qbs
ap 53 DPO-bot-53 33
ar 24 69 165
ap 54 DPO-bot-54 143
ar 40 14 123
ap 55 DPO-bot-55 136
qci 81 25
qci 100 91
ar 7 68 154
ap 30 DPO-bot-30 12
qbs
mr 98 41 -73
ar 95 82 137
ap 56 DPO-bot-56 147
ap 57 DPO-bot-57 158
ap 54 DPO-bot-54 143
qv 108 95
ap 27 DPO-bot-27 48
ap 49 DPO-bot-49 81
ap 29 DPO-bot-29 57
ar 81 15 142
mr 93 39 91
ap 58 DPO-bot-58 41
ap 41 DPO-bot-41 97
mr 43 92 -174
ar 76 79 180
ap 59 DPO-bot-59 168
ar 53 56 73
mr 37 50 158
qv 93 34
ap 60 DPO-bot-60 40
ap 61 DPO-bot-61 90
ap 11 DPO-bot-11 175
ap 23 DPO-bot-23 171
ap 62 DPO-bot-62 144
ap 25 DPO-bot-25 104
qbs
qci 45 35
ar 90 27 176
qci 113 73
ap 39 DPO-bot-39 79
qci 6 75
qv 88 83
ap 49 DPO-bot-49 81
ar 72 21 122
ar 94 103 83
ar 98 105 154
ar 33 54 151
qci 16 98
ap 63 DPO-bot-63 157
qv 10 111
mr 60 124 -124
mr 104 18 118
mr 87 121 -185
ap 58 DPO-bot-58 41
ap 33 DPO-bot-33 164
ap 64 DPO-bot-64 29
ap 58 DPO-bot-58 41
mr 121 90 43
ap 65 DPO-bot-65 78
mr 115 119 -184
qci 90 68
qv 64 11
qts
ap 29 DPO-bot-29 57
ap 66 DPO-bot-66 36
mr 18 21 9
ar 19 130 107
qts
ap 1 DPO-bot-1 59
ar 67 10 3
ar 31 3 6
qv 38 4
ar 107 18 40
qbs
ar 10 91 171
ar 24 60 49
ap 67 DPO-bot-67 134
qbs
ap 45 DPO-bot-45 146
qv 48 1
mr 132 56 175
qts
ar 83 14 121
ap 68 DPO-bot-68 102
qv 86 39
ap 69 DPO-bot-69 122
ap 34 DPO-bot-34 79
ar 68 12 199
ap 70 DPO-bot-70 136
ap 71 DPO-bot-71 2
ap 72 DPO-bot-72 106
ap 43 DPO-bot-43 173
qts
ap 73 DPO-bot-73 182
ap 22 DPO-bot-22 86
mr 18 140 15
qci 20 104
mr 25 145 -99
qci 134 84
ap 74 DPO-bot-74 66
qci 49 143
ar 77 91 163
qci 73 21
ap 69 DPO-bot-69 122
mr 23 55 -66
ap 75 DPO-bot-75 43
qbs
ap 11 DPO-bot-11 175
ar 27 135 168
ap 76 DPO-bot-76 183
ap 77 DPO-bot-77 21
ap 78 DPO-bot-78 166
qv 60 49
ap 18 DPO-bot-18 125
ap 38 DPO-bot-38 101
ar 40 42 165
ar 152 54 107
ap 68 DPO-bot-68 102
mr 64 79 63
ap 17 DPO-bot-17 148
ap 16 DPO-bot-16 55
ap 69 DPO-bot-69 122
ar 71 65 40
ap 15 DPO-bot-15 50
mr 129 65 -27
qci 57 67
qci 92 57
ap 57 DPO-bot-57 158
ap 66 DPO-bot-66 36
ap 79 DPO-bot-79 192
ap 16 DPO-bot-16 55
ar 81 106 200
ap 19 DPO-bot-19 162
ap 16 DPO-bot-16 55
qv 130 79
ar 125 94 175
qbs
ar 44 58 186
qci 78 79
qci 24 153
ap 80 DPO-bot-80 25
ar 50 136 90
ap 81 DPO-bot-81 81
qv 127 36
ap 50 DPO-bot-50 35
ar 111 26 68
mr 156 131 -93
qts
ap 82 DPO-bot-82 16
ap 11 DPO-bot-11 175
ar 100 109 145
ap 36 DPO-bot-36 97
mr 149 158 186
qv 40 128
qci 106 57
ap 20 DPO-bot-20 198
qbs
ar 158 48 198
qv 93 36
ar 160 31 61
qv 83 141
ar 29 50 83
ar 121 81 166
ar 70 21 137
ap 83 DPO-bot-83 47
qts
ap 84 DPO-bot-84 181
ap 85 DPO-bot-85 107
ap 3 DPO-bot-3 181
qbs
ap 10 DPO-bot-10 161
ap 86 DPO-bot-86 161
qbs
ar 59 127 131
qbs
ar 8 23 124
ap 87 DPO-bot-87 12
ar 169 13 199
ar 138 72 90
ap 84 DPO-bot-84 181
ap 16 DPO-bot-16 55
ar 21 65 109
mr 10 2 -126
ap 8 DPO-bot-8 8
qci 61 103
ap 75 DPO-bot-75 43
ap 80 DPO-bot-80 25
qci 103 133
ap 3 DPO-bot-3 181
mr 136 15 39
qv 122 26
ap 88 DPO-bot-88 59
qbs
qci 76 35
ap 89 DPO-bot-89 198
ap 90 DPO-bot-90 80
ar 82 58 28
ap 54 DPO-bot-54 143
qci 30 87
ar 133 168 138
ar 55 143 105
ap 48 DPO-bot-48 198
ap 71 DPO-bot-71 2
ar 59 52 154
ar 122 49 154
qci 33 5
qci 53 38
ap 69 DPO-bot-69 122
ap 44 DPO-bot-44 81
qv 107 97
ar 132 57 185
ap 46 DPO-bot-46 41
