ln 100
-301185901 -145906305 -403789773 8368827 -1562494443 -2135561623 -755938707 1193329680 -994295959 1799830068 -1307257936 1964145116 221395100 -675676263 619321046 -1041563043 1883041774 -817257748 -1544871621 -1266871760 -403502729 -1903423204 -214149678 1480841417 474199012 -1277262500 -393624657 -1327532361 923564693 -1369654078 1073160417 -1331738593 667139037 1191637766 -482799739 -2067711340 -1896985787 -2010394287 -1791491612 413301751 868333530 -1673232090 -278108278 -758650867 668934188 1037532709 379442821 -1948010695 -896816475 -283837475 -1681321206 -1263383170 -1956028883 -1945916885 8471906 -1734436314 1247108843 -177968427 -2040540606 -139889425 1456557947 -440657896 -1177913143 881557699 -137882610 -136178460 -656323223 1294399747 1783914069 -2008913866 1482686264 -1041543180 -2113358788 -2026359654 -397894823 1509092526 -1971849750 -740853952 1237599190 -2054308035 -1126873129 1904886477 -544746067 -182203240 1895504956 1080974943 -1332361687 670147179 263635803 564871171 551532353 -806686283 -921375103 -1015532253 -246674450 1913507939 -1034948834 779363394 -684036971 -1726855907
Frank Grace Jack Mary Sam Zack Red David Ulysses Vivian Nancy Will Charlie Oscar Peter Lily Alice Kevin Xavier Bob Yvonne Queen Ivy Tom Helen Eve bNwy giJjbdkTWJ GASF ADs ofGxDHtAoe phDZ qcIchNd j wkpPJU sw hSzh SzE fuGSQwqqYq Frp hRupFQg FXAi lDWFtUMGy ikgybl OQ voiE dZcIXtSg CL vbODChrfhC MYyZ ykiMeeOGdB MlZ KSlop cGllyUJ BbDeEiKk XJlJ RvFPOOWaV BpMnJsK DOxP hqUb ZAnfGG rOhUSiaLh Hl xjoJB vuKuFS Fu yNXXaQhPgs VJHHf uwMhL fo vIo WSzSHXKzW gSL EeNgcG iYKnXF n H AIkoc WxQnfXcY EnR LKXfTq HeEFURkEeo xMIyl UvI BOBa PPOkP sjREftSjOn nw qHKndm koB kT EDvWA zKyWZRA BvfHkN zhjqQM xtsOX IoFTsh qYjmnY HLRJdjbb LnzxBxbT
86 122 153 100 109 185 30 104 126 152 137 196 76 29 141 109 14 50 57 21 14 171 144 174 63 199 87 75 175 141 45 191 35 14 13 168 155 26 110 130 132 47 148 11 105 167 33 79 176 84 178 155 76 136 177 166 146 115 75 81 73 175 40 45 20 193 165 95 94 128 41 124 190 158 55 116 53 138 100 154 12 141 24 110 89 187 144 68 152 165 26 63 117 89 85 71 200 40 96 19
0
153 124
160 115 52
128 184 0 8
70 0 7 132 109
19 132 0 112 47 4
193 155 136 78 167 20 131
51 146 195 62 31 89 88 109
179 118 1 0 115 10 188 85 169
125 187 89 118 183 23 0 65 90 125
192 0 50 124 103 136 31 98 5 122 149
53 135 138 126 27 45 16 156 122 97 31 67
142 0 12 0 150 90 24 128 32 152 43 16 110
107 172 163 76 97 130 199 39 154 73 70 173 134 183
158 113 0 156 94 83 54 96 0 158 82 61 17 9 99
176 72 21 28 22 139 79 48 31 194 80 13 33 0 160 142
52 153 199 197 70 0 0 116 6 161 79 22 70 21 112 0 61
163 5 136 41 196 184 1 152 68 108 115 83 55 25 161 14 145 126
66 58 14 97 28 72 21 26 76 12 142 0 56 109 0 0 192 42 78
65 177 58 0 0 0 39 0 0 84 38 2 175 11 75 112 0 15 1 0
26 0 66 183 113 163 172 84 143 195 197 155 34 64 65 96 183 155 150 7 147
28 42 122 98 156 89 158 91 67 198 41 199 64 4 138 28 100 105 190 190 147 16
27 80 157 67 118 4 66 151 62 63 0 185 0 47 17 148 183 130 16 0 190 138 164
111 82 161 183 106 43 0 159 103 189 178 68 63 50 41 123 32 0 47 117 88 137 24 193
183 145 19 24 81 182 169 12 139 156 136 63 150 22 47 173 123 21 102 181 124 167 91 157 0
30 196 195 189 3 18 117 101 190 121 0 39 178 47 167 146 183 137 188 147 6 4 75 0 103 103
35 113 112 50 133 90 82 131 95 139 77 0 115 93 120 19 0 32 111 176 28 2 115 26 90 74 0
3 19 151 31 11 19 126 122 8 137 1 76 184 67 45 107 62 47 68 153 27 117 151 168 115 166 37 39
161 17 142 0 0 92 166 74 3 126 39 1 113 137 47 124 84 24 147 0 160 68 130 15 14 164 179 4 151
110 20 114 113 61 3 0 76 185 9 164 19 156 171 0 148 94 170 43 79 18 198 84 178 14 20 187 121 23 129
116 24 51 0 2 180 0 0 96 159 32 84 134 169 16 40 36 146 0 189 117 0 167 37 87 0 0 40 81 188 87
194 100 106 19 3 9 23 197 15 139 115 182 83 106 79 53 193 101 34 49 30 30 0 44 158 165 35 171 177 151 174 150
54 76 0 54 66 43 13 33 0 0 107 0 0 113 136 0 133 160 129 154 38 95 0 154 0 13 73 193 77 71 197 157 180
160 92 182 104 52 0 136 197 68 39 73 108 20 63 113 26 198 71 92 9 0 27 0 53 170 85 75 137 127 179 7 70 76 152
95 196 14 140 108 65 0 76 90 78 154 114 35 177 96 23 163 18 8 138 67 0 146 17 49 164 110 162 78 122 197 73 20 0 121
75 0 6 34 147 0 109 65 195 94 23 122 83 165 195 47 134 152 113 124 47 60 157 160 107 53 200 15 0 99 89 75 37 45 18 130
0 133 79 187 119 103 30 18 135 109 195 49 2 123 9 129 153 128 84 121 91 78 160 123 13 169 163 147 149 74 55 148 105 161 0 9 146
141 163 155 111 0 85 62 97 91 73 40 77 0 97 45 30 141 66 110 153 69 175 140 198 51 69 4 153 196 156 98 84 0 101 34 184 198 104
66 170 51 143 49 50 10 195 138 134 87 145 23 0 168 136 73 85 54 67 41 21 0 19 145 96 129 172 200 60 93 167 22 74 153 181 175 189 185
70 0 97 93 194 0 157 50 99 114 127 42 100 171 23 58 55 73 83 124 150 181 29 0 31 40 102 134 2 91 0 45 133 138 6 186 105 158 178 137
44 44 126 70 40 98 0 0 134 142 30 138 81 109 32 76 0 134 40 18 67 161 72 79 190 0 100 36 134 52 47 49 118 171 13 109 52 27 74 65 76
186 16 175 105 174 182 5 136 113 159 55 61 100 56 59 50 95 6 138 34 65 182 194 58 14 143 93 18 10 1 130 21 80 0 9 112 63 157 139 177 7 4
56 129 34 106 26 6 20 0 153 0 123 4 80 152 185 148 21 22 93 88 137 0 176 122 197 121 87 119 152 145 160 31 118 195 187 185 105 164 181 180 0 193 116
37 32 149 192 46 20 31 77 178 33 48 172 118 14 65 163 142 169 163 84 55 22 150 87 0 178 99 10 120 0 178 27 5 7 0 122 145 70 158 141 155 54 94 53
22 114 108 166 60 0 0 192 116 0 130 120 0 103 0 122 94 25 94 62 161 155 135 140 47 105 62 50 70 47 32 106 124 88 3 145 158 161 175 33 46 42 55 100 49
175 116 148 54 126 20 16 177 90 0 148 109 0 88 120 37 67 188 109 81 61 186 76 66 139 147 114 0 62 179 114 89 165 49 0 0 95 142 126 195 0 51 103 107 97 199
23 47 152 9 68 182 0 155 0 115 0 56 192 186 182 35 133 116 125 185 41 193 49 57 0 126 13 0 172 136 0 44 1 69 53 4 122 119 137 150 0 77 154 5 0 10 12
56 24 99 119 184 169 84 166 46 197 65 64 198 143 57 172 59 184 3 0 121 37 0 19 172 174 155 33 0 46 133 77 112 48 196 3 69 171 159 83 20 0 71 113 124 121 83 133
26 154 1 162 161 79 36 171 115 0 0 199 15 88 183 122 157 26 104 128 17 93 1 75 18 0 94 0 122 56 177 141 174 194 24 177 111 0 171 78 123 123 85 32 38 145 66 36 156
179 43 0 73 13 101 49 48 167 50 23 0 162 20 128 139 76 176 94 61 87 133 179 0 38 23 121 177 24 164 3 0 197 33 110 171 29 125 152 80 85 195 121 55 49 143 62 48 179 0
0 92 0 27 152 128 131 170 114 143 135 112 132 106 144 72 179 137 165 0 9 21 151 119 109 200 85 54 67 199 129 126 182 117 157 0 15 150 93 109 20 19 75 80 162 11 47 45 150 12 59
171 81 0 39 144 104 0 15 108 58 92 0 168 147 175 63 184 124 26 55 132 90 154 0 153 52 1 68 48 43 191 0 34 48 189 146 61 61 4 198 56 0 47 21 93 109 139 186 197 180 85 0
0 146 0 0 101 121 108 0 39 42 34 147 58 0 36 195 92 131 38 66 0 157 96 95 107 95 186 171 48 135 0 0 44 95 41 111 86 48 92 135 127 95 150 176 182 176 113 135 133 19 0 20 184
189 15 7 113 101 0 2 88 7 110 29 100 190 108 157 51 129 5 23 22 138 56 42 0 88 54 0 175 90 99 195 68 0 181 0 21 62 59 77 126 172 122 76 133 18 7 176 69 99 110 127 94 63 142
0 64 83 187 57 25 0 9 65 154 167 26 119 89 155 11 196 162 193 161 34 137 193 161 14 152 13 59 12 75 145 32 0 25 189 170 106 148 159 184 166 70 3 105 96 41 192 163 34 34 151 137 0 61 99
37 34 93 173 0 190 72 29 182 39 18 193 169 2 54 88 66 175 20 49 27 150 143 129 89 24 106 199 82 180 35 0 134 62 37 179 167 110 0 119 199 126 20 50 0 92 113 182 49 4 82 153 58 57 166 59
80 125 6 96 163 89 159 50 193 60 9 90 145 70 97 116 24 172 18 74 40 198 114 76 41 124 114 73 88 131 14 152 162 67 149 64 138 0 184 134 111 112 43 196 68 0 134 0 0 130 36 132 153 6 48 172 15
132 22 94 52 107 102 152 172 25 54 148 82 58 14 74 0 3 200 198 116 87 68 197 113 159 12 100 114 42 2 96 33 36 154 85 134 96 161 57 170 0 87 65 52 0 93 97 109 106 46 13 83 65 24 167 157 40 44
128 150 190 92 4 18 65 101 150 0 175 75 152 4 0 130 83 56 151 62 74 55 76 0 185 30 135 27 191 62 0 118 0 120 48 148 20 28 32 0 10 54 84 74 85 94 36 154 86 44 84 90 107 151 98 104 76 188 147
115 183 110 48 9 4 7 133 46 66 67 188 30 172 115 122 53 48 0 32 167 21 0 199 147 126 90 71 160 191 20 183 9 22 22 186 0 152 145 193 118 0 6 0 26 0 0 105 29 170 83 88 31 73 0 158 30 179 95 190
21 28 143 125 186 44 18 83 81 139 51 199 109 158 70 82 0 53 194 176 141 0 137 181 110 25 193 162 0 30 143 74 50 178 172 39 0 12 166 139 125 96 44 0 57 114 132 179 200 32 9 46 120 4 176 20 185 121 183 26 0
59 184 133 63 121 156 150 187 106 140 146 73 197 153 8 129 99 175 62 137 74 178 72 141 198 76 18 85 0 97 165 0 169 108 35 191 145 33 168 133 117 116 151 85 16 185 0 197 191 110 180 99 108 130 104 172 9 94 90 14 164 153
10 58 126 53 21 124 153 47 121 62 9 145 22 132 95 178 100 0 141 74 43 0 63 104 50 68 127 20 136 106 12 37 0 0 32 15 162 63 14 175 126 189 21 54 176 0 172 116 54 19 160 40 57 170 1 17 79 135 138 142 27 0 198
0 182 140 188 82 93 31 46 76 165 65 94 0 67 0 44 110 196 46 3 98 111 92 98 156 29 157 2 147 107 0 126 65 170 70 112 177 21 11 53 118 186 0 14 159 178 68 105 44 129 134 72 107 49 92 32 75 97 0 41 58 0 90 135
24 104 59 35 130 166 26 107 86 123 184 191 39 31 190 181 166 34 126 55 136 167 56 107 61 196 0 55 76 39 7 172 0 8 197 0 12 181 105 10 187 0 0 5 74 133 58 38 64 36 97 0 196 185 10 41 135 97 137 66 70 68 5 165 198
43 73 118 66 29 47 177 60 179 0 156 191 178 0 33 36 58 114 182 0 95 65 83 29 111 89 84 40 50 74 143 53 106 159 81 75 155 1 71 2 54 135 22 19 10 129 199 71 170 86 124 105 39 2 141 124 109 123 41 27 57 32 172 114 190 30
23 35 0 0 26 15 75 10 158 113 195 118 132 0 134 39 154 30 9 29 151 70 117 69 134 189 52 126 32 57 98 186 125 141 138 70 50 197 147 0 0 195 19 124 188 2 123 0 7 178 130 11 0 21 104 190 94 56 39 28 45 159 169 168 194 47 109
91 188 40 118 174 36 105 163 16 111 40 0 89 45 0 0 81 197 104 26 7 47 48 42 50 0 185 99 188 128 21 1 31 0 74 41 137 29 102 0 193 82 0 22 64 121 0 36 104 122 42 53 25 59 0 169 0 46 0 128 193 123 175 157 83 2 155 83
184 69 145 194 31 77 112 131 5 67 124 4 0 109 105 189 182 179 81 184 77 24 77 176 192 133 82 52 0 134 126 59 193 89 125 114 76 30 23 125 0 112 185 88 155 70 124 157 199 137 171 11 106 28 68 100 128 76 54 200 134 24 141 58 0 168 17 175 10
146 78 47 84 65 76 114 111 88 163 97 89 147 168 195 113 0 37 95 62 104 38 0 19 179 193 84 100 0 132 14 0 54 83 41 0 64 116 155 182 49 26 14 109 115 73 152 66 156 69 126 83 109 115 22 112 174 130 110 21 55 50 133 174 73 103 46 58 171 97
167 0 27 154 129 20 0 167 25 101 153 191 123 75 2 100 20 164 0 15 129 88 144 173 74 0 26 28 67 193 165 80 102 14 0 59 0 75 67 121 167 43 157 180 37 110 46 155 144 121 136 33 50 55 133 35 0 90 54 0 154 156 4 150 89 26 87 121 2 46 99
13 172 146 109 31 158 142 55 23 40 94 3 196 196 47 129 80 152 51 164 146 86 183 0 101 62 114 153 131 142 115 169 102 87 198 192 137 174 125 46 61 6 143 118 54 150 2 177 21 85 134 66 195 46 122 0 199 39 50 56 60 113 129 126 87 0 89 39 92 60 47 177
193 45 34 132 141 155 138 123 148 98 196 77 67 7 0 133 50 85 22 168 122 96 199 152 2 92 0 183 139 46 2 96 192 140 112 52 68 96 135 82 130 79 75 102 17 41 193 94 125 101 133 48 71 86 38 145 50 195 11 182 198 4 20 64 19 161 59 85 180 134 47 81 37
169 9 74 91 165 67 172 124 58 145 0 21 175 78 127 69 54 71 85 26 0 192 5 187 193 153 183 178 5 0 72 14 98 8 172 16 127 120 0 62 0 125 42 55 126 171 2 0 193 33 75 40 125 69 0 48 96 0 156 103 158 91 117 182 17 149 153 145 0 164 111 147 153 168
17 0 162 37 5 47 170 0 131 10 131 160 46 0 7 153 111 36 123 49 147 56 37 0 26 4 137 164 197 37 33 107 29 0 44 0 5 0 76 6 0 22 183 112 63 118 64 69 119 68 68 101 124 164 138 111 118 21 54 106 167 123 75 66 130 116 158 85 200 106 172 170 170 3 68
47 169 108 168 23 185 171 192 174 31 7 114 119 120 152 28 132 3 0 165 74 50 0 69 158 141 161 28 90 24 41 102 23 156 184 156 159 188 154 131 192 0 0 133 186 96 197 132 60 78 31 86 0 104 0 119 171 192 100 155 0 0 85 5 117 5 21 0 0 176 184 92 78 157 45 47
90 72 90 131 136 1 15 72 153 16 85 86 0 130 99 27 95 46 159 46 190 107 169 29 188 149 81 44 53 44 96 154 35 68 152 167 76 81 40 167 12 96 116 180 141 153 0 152 0 51 46 45 180 195 68 70 0 158 181 160 78 21 85 6 11 120 106 141 72 21 140 179 197 4 188 56 32
191 171 0 163 70 25 69 103 0 117 172 0 6 9 120 67 143 36 107 188 38 14 157 123 71 88 5 74 0 94 147 161 178 52 176 0 173 145 58 32 44 24 23 187 18 157 198 128 0 134 83 151 187 27 64 106 186 185 120 30 183 130 73 0 178 195 0 129 0 126 195 164 129 136 114 29 155 122
25 169 156 152 36 68 175 27 74 186 174 98 135 128 47 183 96 41 116 50 12 0 51 0 14 144 69 164 165 6 52 81 144 75 133 42 78 163 179 20 58 61 5 110 84 104 11 190 108 21 79 16 0 58 175 160 8 20 61 125 160 50 121 198 157 53 0 185 0 91 36 102 128 43 193 99 67 46 163
131 0 63 0 76 195 0 162 74 93 140 1 195 188 98 166 173 175 180 195 139 117 5 151 154 20 189 173 166 122 149 23 96 169 42 52 189 108 62 128 64 196 2 130 93 158 0 52 11 154 188 131 0 103 0 60 2 50 12 69 196 89 195 92 173 58 87 153 8 165 53 183 96 107 0 40 138 55 25 30
43 180 0 0 91 191 59 18 0 181 105 175 146 80 166 184 41 0 102 22 71 2 110 97 142 83 57 37 88 199 94 71 79 166 0 117 92 174 85 163 0 83 136 49 172 0 134 70 88 36 174 20 34 172 0 38 89 54 0 147 118 141 179 175 191 145 142 123 96 15 178 135 119 0 150 151 106 121 97 38 91
183 180 15 118 179 22 17 112 32 113 0 13 14 74 111 97 141 120 200 146 26 198 187 33 84 13 1 111 49 163 192 178 64 0 115 24 1 145 156 191 85 39 197 176 86 126 31 144 191 0 0 48 115 24 3 154 171 86 70 82 0 31 36 39 191 1 188 65 157 68 100 129 57 75 90 196 129 174 59 63 31 37
37 154 63 6 39 166 49 88 105 153 28 0 162 149 15 161 131 90 103 37 76 191 150 127 4 20 0 113 98 104 23 184 190 117 86 9 144 85 9 126 77 122 92 112 21 46 138 34 20 34 153 59 0 22 0 138 1 185 75 10 16 112 45 83 195 140 145 46 91 160 0 0 73 86 166 85 129 38 64 0 55 4 174
194 166 5 128 82 11 142 65 142 182 0 0 97 49 191 0 95 26 0 110 20 106 190 32 121 184 72 95 159 142 0 183 0 75 191 175 105 57 105 81 168 183 130 92 98 45 0 161 196 0 115 101 108 28 15 4 13 185 185 65 187 109 151 0 44 109 98 197 38 62 113 138 127 134 37 102 69 138 184 0 168 171 0 200
104 56 27 72 191 199 183 74 47 94 200 0 190 78 146 183 182 151 196 110 12 92 42 57 0 35 169 149 192 0 151 0 48 128 199 45 23 13 86 24 143 128 151 146 74 137 22 68 120 173 0 0 65 102 32 92 86 35 49 43 199 24 156 69 190 14 169 31 69 0 87 123 144 117 9 173 81 172 148 24 165 29 141 115 32
0 0 140 15 126 18 7 111 55 14 75 24 150 168 198 83 36 43 0 98 24 0 95 14 198 176 188 105 181 0 87 50 125 78 122 180 72 16 167 123 109 88 185 156 31 158 47 180 0 34 82 154 126 49 0 168 57 194 172 71 183 151 24 155 146 193 10 52 100 33 121 150 78 0 184 90 102 0 148 127 190 124 49 83 76 90
109 180 0 44 101 81 134 194 65 45 137 186 143 75 92 0 79 89 69 73 29 139 84 134 146 165 156 121 48 0 161 8 39 43 117 129 23 94 29 118 0 29 0 188 145 139 78 199 169 170 79 135 131 27 169 109 110 37 48 161 168 178 0 89 52 0 0 110 170 33 134 44 132 157 87 121 93 0 165 4 0 134 45 135 98 153 71
178 22 105 0 180 83 143 59 105 181 145 138 19 47 163 186 101 142 0 55 154 167 49 0 192 75 5 0 200 170 102 113 64 145 34 110 32 9 113 13 30 5 146 47 190 171 163 194 140 9 12 110 188 32 150 0 56 170 156 36 28 153 62 154 0 185 92 81 0 149 29 40 43 78 97 4 11 9 152 189 200 179 192 27 0 74 176 0
2 7 149 35 69 117 108 146 115 126 99 192 126 24 11 33 53 107 49 0 194 177 0 169 159 17 136 185 159 190 57 175 94 192 173 55 45 66 93 97 179 12 0 160 71 170 59 156 194 189 0 142 78 43 0 127 169 18 18 103 133 15 187 67 128 112 149 122 150 171 121 162 102 38 186 7 88 159 92 167 117 4 1 125 71 154 0 40 87
82 185 29 37 199 171 198 24 129 0 141 158 98 138 183 0 0 113 0 122 0 20 198 120 92 24 4 0 82 0 36 125 28 65 176 46 33 114 172 62 63 131 147 41 176 12 89 199 138 177 0 3 82 57 110 124 42 149 142 110 39 41 123 146 108 77 118 68 28 9 102 114 41 74 115 1 18 86 0 105 127 129 114 150 71 0 0 176 47 18
116 0 86 194 20 121 3 14 115 0 99 177 35 185 100 88 74 0 184 0 128 15 163 194 79 156 143 78 40 14 0 78 160 197 69 15 0 183 152 111 109 199 116 25 148 144 46 3 107 179 67 50 142 131 45 110 161 126 167 190 54 126 116 141 43 159 168 73 144 110 46 56 124 0 0 137 145 91 12 179 69 101 174 139 128 51 168 0 0 175 0
131 193 135 166 30 0 6 93 34 128 0 113 77 69 176 119 9 12 92 134 66 66 107 93 139 170 157 106 76 0 118 159 0 98 26 0 23 40 137 78 155 38 56 134 50 90 194 48 164 117 120 140 39 82 13 94 23 83 21 77 172 82 135 68 166 189 122 131 19 66 81 145 150 195 156 84 179 152 27 183 31 4 164 141 189 187 127 55 0 152 165 117
96 11 167 185 176 51 58 23 35 8 0 125 57 114 141 21 0 98 0 61 81 2 87 180 171 117 31 0 46 0 64 138 109 41 118 150 116 78 141 178 129 54 0 185 108 97 91 139 132 69 10 55 128 127 97 42 53 56 0 36 137 137 57 32 2 4 131 0 122 17 0 200 2 123 72 0 76 0 153 0 0 174 193 162 51 0 19 36 188 170 95 165 69
147 63 44 96 187 195 88 0 109 14 132 68 125 140 0 0 93 161 102 99 98 21 189 19 180 161 81 147 4 71 170 163 139 31 37 172 30 25 32 123 178 81 17 0 64 94 126 91 130 187 110 0 187 89 7 169 200 0 100 10 0 189 157 22 53 161 56 188 83 0 141 118 65 2 185 114 51 29 73 191 57 190 99 134 42 120 139 57 155 95 166 144 19 198
150 33 109 188 153 113 95 149 16 76 145 168 125 45 0 57 41 171 173 151 178 65 148 92 72 178 151 157 47 94 87 88 0 13 196 18 127 82 82 43 0 192 139 0 91 152 68 44 133 189 89 144 65 133 77 44 6 157 109 9 111 119 150 0 33 105 71 191 80 110 142 34 114 45 161 194 154 135 6 92 47 132 79 166 152 130 39 113 129 44 0 118 173 60 138
115 99 102 186 0 117 105 193 165 13 97 21 147 162 198 0 45 117 31 48 140 109 52 95 81 62 73 105 158 10 164 7 192 160 186 32 107 28 175 109 147 131 179 0 69 94 44 108 30 34 6 65 0 96 129 152 3 11 192 116 66 88 156 118 106 20 184 26 74 0 151 0 49 122 0 94 51 84 63 40 52 84 43 148 90 26 55 3 63 153 0 134 124 0 109 182
0 7 1 132 68 169 132 197 154 105 44 5 0 48 0 32 0 142 72 6 174 158 40 42 187 43 25 32 78 154 0 0 195 183 21 73 104 116 0 153 66 137 0 77 96 16 188 110 72 0 0 24 143 103 110 145 136 69 82 74 68 137 169 60 68 135 0 87 7 77 86 20 148 163 58 90 119 27 129 49 0 160 72 11 137 144 0 173 0 137 127 139 54 192 3 171 61
173 176 91 84 138 96 0 166 49 7 189 198 155 91 166 78 0 116 107 69 16 131 147 99 79 172 0 61 99 152 125 167 112 35 194 24 0 75 188 0 121 32 129 0 61 163 127 20 62 182 95 14 138 7 127 145 45 20 100 160 86 74 164 44 197 175 19 26 32 0 92 159 49 17 190 142 199 58 164 196 194 169 85 188 137 160 143 98 35 20 83 112 0 53 200 22 11 62
151 121 45 96 160 116 19 61 133 167 138 171 36 150 106 0 99 52 172 23 101 101 94 141 86 67 186 152 41 102 105 195 171 91 89 34 170 141 0 64 0 115 48 36 12 175 18 179 132 67 178 141 0 61 26 61 143 129 2 76 6 195 114 112 160 121 20 155 159 196 87 0 167 177 85 0 44 176 76 198 0 67 178 86 35 41 168 40 186 176 51 0 194 63 131 37 63 34 64
ap 1557418752 HKnLf 65
ap -1943182910 plSvUHbm 65
ap 889471513 sxj 173
ap 599820295 bcq 105
ap 968064008 acUVxBEjd 46
ap 1332781995 qTSrjdBmP 39
ap 291829893 PHmnwq 64
ap 990830294 PNCCR 178
ap 1749166527 fhNh 14
ap -734811242 WlsBSMy 131
ap -1358626836 nltZbGlWyl 79
ap -377446246 Crs 137
ap -584094263 gLe 44
ap -1604348050 rlKE 183
ap -384485322 vZq 109
ap 965312085 mmrTRlb 85
ap -1445158744 qnAYuXU 199
ap 1583986193 xMTi 154
ap -271136272 yjpc 46
ap -241649606 tXfi 98
ap -75641746 xjSy 176
ap -1933060867 alYwTvbMv 190
ap -556116210 uj 102
ap -1705319638 TDYmzU 159
ap -515715261 FfvMVKMQHJ 109
ap -1135081514 x 135
ap -309614194 kritxUvB 191
ap 1192884473 aiIxjNbyr 15
ap -2081871547 GO 71
ap 1443216246 MXtc 134
ap 604626882 TTPcSSA 122
ap -376651948 eHPE 77
ap -5316421 VNESPPxlLG 145
ap -877671735 oYuPvyl 184
ap 11624139 VnpnWtZHzm 110
ap -837764788 xszObnAu 111
ap -1372708977 eccVbGBAm 59
ap -1781500652 MXgi 149
ap 1322674246 szZcpGtEyt 33
ap 1909867384 Th 84
ap 1544290942 hkzXV 117
ap -74506160 nv 55
ap 749480973 WJ 119
ap -1975837302 hPYQ 138
ap 424287178 bPkfpf 87
ap 1397632869 aAaUCiMK 4
ap 560174830 EowObLQ 43
ap -1391445411 AujLiMH 15
ap -1561787899 ai 36
ap -430681102 uxJyfbGfh 116
ap 21977561 jYWD 92
ap -2070059348 lBqOVQh 173
ap -1483452838 ZHhsIibvFR 20
ap 1103061484 dnIhm 74
ap 2047522504 vpoXdv 57
ap 918146782 uJITpXq 150
ap -182198839 yzMfcQ 174
ap -813398966 LY 37
ap 1803565076 nUPV 133
ap -1041939192 BpAlLUayj 64
ap 2114869886 JPP 116
ap -1825957682 YgsPXqP 13
ap 727917476 lBHJA 33
ap 1108794427 yFcOxiBJf 187
ap 1858194364 gjNHsYgQ 124
ap 2045149743 Rhxk 146
ap 160623767 ehBBWfi 56
ap -1999394246 VqbqQw 13
ap 1589434907 GHbgDu 196
ap 1491930845 CWkBETwXMO 18
ap 1264467841 CROpLWP 38
ap -202982915 tUgMni 106
ap 992700332 GrcSbJte 102
ap -1496287040 dyFkPj 45
ap -500428726 f 94
ap 1818779812 igtSpamOn 101
ap 1307112701 N 78
ap -814058409 TKgLchvy 120
ap 13435328 p 197
ap 69203944 VlzmBfVQ 80
ap 1572163691 WWpbAH 40
ap 916960747 GHhWFUo 19
ap 876717341 JvzA 76
ap -887176256 boPFZTVpO 80
ap 1869929753 GJub 168
ap 1405496138 LZX 12
ap -1560804136 S 198
ap -1268825269 ne 79
ap -2095487627 iodPmNrIQQ 30
ap 607677859 qIN 185
ap 1776571615 frapfd 68
ap -1462969045 q 86
ap 1694197981 gX 164
ap -670488249 k 117
ap 9101966 NVqScq 29
ap 1832704365 HGb 7
ap 418598954 bsLifQ 12
ap -1049322222 KQgl 63
ap -1208760100 PuufZt 146
ap 84645374 lzFOygvt 152
ap 377685226 e 2
ap -899983895 cU 35
ap 1786515521 WTqqBzJ 92
ap 608789510 pKYmPgJQ 27
ap -1643471954 E 30
ap -1643887291 uPqmyLoJ 138
ap -1840732705 m 155
ap -1990953173 PRi 72
ap 190604321 y 181
ap 1201722744 ICBnHXDqVz 116
ap -112875323 ohVjrFhZp 44
ap 1379487690 ygayXxw 106
ap 793025420 gWFaDW 0
ap 549440025 YdRFfvmB 109
ap 1252188132 gCiMSVig 156
ap 1737093671 DkyXSTqKdJ 186
ap 1993315790 edkRFXcwIt 184
ap 1452617395 R 48
ap -787817668 jLHsAQbcTV 98
ap -1010551050 NfvuEZL 126
ap -1635423363 ioLFcye 66
ap 1216500920 kcAaaie 57
ap 1033391519 qAvyMXbjQ 166
ap -1143241613 OCpvxDxMX 41
ap -2053253140 dtQEKIPTU 178
ap 1405118549 gH 75
ap -438278323 Esl 41
ap 375093146 wlnYpSPt 136
ap 646220456 xHSeNGNL 124
ap 1144948970 vSbIvOC 67
ap -698630932 tTumx 9
ap -1644710112 iDL 138
ap -1166179472 FiNNZhgU 163
ap 1394041266 fq 182
ap -851353461 TD 161
ap 100634970 BEKDifWj 33
ap -52842411 GQL 66
ap -785877195 smPkCVOLl 138
ap -1961701973 Y 108
ap 689793133 fShYyfnQzF 198
ap 1935737438 LltIxCIBP 194
ap 2070737696 Mjf 144
ap -1601539815 lvofnh 93
ap -629462941 j 197
ap -1740037597 YSCvrof 77
ap 1634050519 MHW 132
ap 936523952 NhDBQb 116
ap -1140027806 yown 51
ap 1137282914 o 174
ap -1753925962 B 164
ap 748621916 v 191
ap -516131147 uPtxc 121
ap 1875463042 E 188
ap -1400453328 fvLR 184
ap 1223924875 SrbXFWF 181
ap -81867833 Fdjbhzow 62
ap -552927052 aQTJSTWYHT 142
ap 719111702 IHwzeY 195
ap -708425627 fI 27
ap 1140323430 YORTzf 71
ap 1154496727 XEkNH 105
ap -680474767 BvUY 109
ap 980785644 PtfUW 57
ap 597422530 j 158
ap -1971946860 jbqMMlxWOt 27
ap -1427506201 hCIAQAwtc 106
ap -1140354218 OikDCGRk 195
ap -1441188756 LzP 127
ap -1850294640 PXnwAGJn 94
ap 1157299800 YgKzUljS 151
ap 2039722591 Lfmfdl 85
ap -127131453 ri 44
ap 1981346369 UcxSFSZEe 65
ap 1453055807 BHyVLlTprX 1
ap -910579911 dovAmMENL 193
ap 1285803390 OAh 39
ap -635501988 Qa 86
ap -1780136735 RkarLSQwcW 71
ap 1967581164 IpDB 117
ap 1929418160 CG 92
ap -941485125 A 96
ap 813218961 Lvklr 5
ap -60030500 OMTuHAJrrM 176
ap -697028002 TSifl 120
ap -1083141785 BmocFEh 161
ap 1840012269 SmsHLooXF 171
ap -261623528 rGJLBqcO 123
ap -1779565039 r 40
ap -580972364 Js 119
ap -562348499 S 94
ap 69469957 obPjbqnddv 178
ap -648612795 xfDygLjx 27
ap 581482560 BKIbGkpL 6
ap -964936445 VWnSZTHXnW 57
ap -1986110639 YatcQWu 148
ap 1365008583 qPHCY 55
ap -450208778 bWa 138
ap -2080683068 uqXxvb 33
ap -1554437164 HI 103
ap 379172955 Lpo 18
ap 900063578 G 95
ap 1881066875 NiIAyH 167
ap 230647611 E 184
ap 1614824341 Cphg 1
ap -1567583343 bKOeXkLe 4
ap -781542884 sYld 52
ap -65966985 MxbinsBEf 199
ap -1427302994 NpczmVW 182
ap 90177360 oFkd 60
ap 1720030625 aBuTcqJUVw 56
ap -1659086447 geBlWhR 23
ap 271427220 ILRrGFT 144
ap -553416457 WwJzWlCZb 194
ap 107976933 woAKJ 120
ap 1232322745 PwaHKL 44
ap 1960948180 P 125
ap -1421172453 jCtHGbzHi 42
ap -1528068731 CES 188
ap -1202531189 jhmiyHVkm 122
ap -330417389 dmKYQwZszV 47
ap 1314072863 fBYuEuyF 172
ap -583385780 XgBzrAhKJq 20
ap 994681636 oLdUnjz 55
ap 901437918 QDDd 0
ap 1623193230 LrMHhbm 199
ap 1786964685 lvrUq 191
ap -2079208839 cVrvDjhWeN 53
ap -1211959371 yc 72
ap -1882262803 ldxKSfOKFM 76
ap -300837791 ZY 118
ap 1776373433 lJqQ 124
ap -419348788 czohPb 164
ap 875036567 hgY 27
ap -403222178 xOuvyp 117
ap -498537736 lAKx 199
ap 1747605003 oTGTtMUjA 76
ap 1872706158 UIy 162
ap 303483097 OtvGMOzTNQ 192
ap 842231775 xbWl 109
ap -369735965 qTbe 182
ap -1281584199 tKv 80
ap -70242800 VopBs 28
ap -1312265601 NIbC 172
ap 829829162 f 98
ap 2142113316 JTZdazWqy 129
ap -1068971465 VDnCfGa 186
ap -1784748592 B 130
ap 359544674 CbLXMTI 113
ap -601595987 p 73
ap 2071054166 g 58
ap 529188009 GUqubAmHC 116
ap 2030002265 vKTBuAeq 188
ap 623986274 qmC 139
ap -1246646578 f 13
ap 592634320 kpkeihWFpo 90
ap -1236029522 MLR 192
ap -1048799216 iXkULFY 188
ap -134281150 UfSAjKu 48
ap 1852072462 TXUN 200
ap 925013539 VQESccDDX 31
ap 149545269 FZGpdTb 42
ap 287171522 BArk 139
ap -705809855 yJ 97
ap 326976052 KjnlGT 198
ap 1672991361 teLFu 111
ap -851105076 yuzEson 90
ap -665379025 lIRYgqobu 9
ap 340691343 uXeAQsW 117
ap 853790730 khQkrm 95
ap -1005182905 JgaSE 185
ap 1327175505 LKNkTECybC 78
ap -114868138 q 148
ap -585408474 p 156
ap 101694947 EMDKMEv 23
ap -1772070115 tNQW 146
ap 1427400222 feNaEw 33
ap -289335618 gdq 60
ap 431509876 Os 90
ap 1678386249 hrNSQZeCuf 141
ap -1849797813 xVTt 124
ap 1579761635 Yjw 33
ap 431322767 AmQoteKiKV 197
ap -1063839877 cuFXib 145
ap -1230789032 d 167
ap -955120123 keVbvHu 128
ap -808787308 dhLslW 115
ap -259837104 pfg 145
ap -168744784 teBj 123
ap 873657284 IINbmOxCa 109
ap -1771618621 UCqYRJiuf 1
ap 1564131260 zUfoUpWcJ 117
ap -760786306 whEZCXb 116
ap 1857420444 c 192
ap 907943259 yhYGDN 30
ap 68433020 iPrTJHeWES 151
ap -1801262402 QchurZRY 109
ap 1452129308 wwcvI 14
ap -552073829 iaeF 5
ap 327826821 rzOZhJ 9
ap 965688627 liJn 150
ap -1369835666 jr 3
ap -1302772174 rn 61
ap -219073050 ez 99
ap 1061540672 leuKsIUE 184
ap -438545047 m 150
ap 759408148 j 41
ap 2089393236 GPdgA 112
ap 1779344683 Bf 168
ap 2012716231 gdbRG 50
ap -476634133 rpLKwijqCM 157
ap 909187458 smPR 155
ap 404424189 HbrrPwDYAK 147
ap 1754162907 ItZcpjN 75
ap 1240409370 VtAjTx 83
ap 1436897606 x 130
ap 1513974059 sAbzoIGVr 119
ap -1932284136 Bjywyo 167
ap -1202514978 X 64
ap -990858732 HNCgsjDrUH 24
ap 1824963767 ZzgMw 198
ap 1347539567 yLIArTp 28
ap -325164837 jJojvhSs 83
ap 1596184954 RlxciGyaeP 78
ap 902003163 ugwMr 48
ap 1386294535 gC 49
ap -357870767 LHOpCPo 35
ap -314165036 Zer 88
ap -992296615 irPkjmapY 58
ap 583433241 GXfprxbTpU 84
ap 789254169 vpVf 120
ap -720825761 ngZHW 163
ap -585928037 MRypgAyBcb 56
ap 971808169 QRpGRWypB 120
ap -1227791159 SEge 153
ap 1686695682 UAptULUCa 99
ap 535003604 GRx 148
ap 75603234 mnhEI 39
ap 1889047250 cYFrkqN 56
ap -1969442209 XtiCBTdkNq 99
ap -814202689 mZFu 49
ap 545583332 afMxo 46
ap -1651679752 zRnONfpM 28
ap -586452592 q 77
ap 307544330 E 152
ap 85874328 szXNa 173
ap 1793591567 myn 149
ap 515323269 zWWQT 112
ap -394535025 pBnSVF 80
ap 755142877 BJPV 69
ap -1746655215 LYAOND 80
ap -1146710960 W 6
ap 1814596529 YMhyxrI 12
ap 334445692 pKtxtAVLow 161
ap -1357636925 boX 140
ap 930816804 wnfdJeqD 58
ap 590607633 WIL 181
ap 930352949 AjGyKGkw 79
ap -786475617 Jim 180
ap -203315459 xX 0
ap -1640368801 liyh 40
ap 1604253131 rsA 153
ap 246501091 L 145
ap -241988463 wAgE 165
ap 1091103486 uYMprdKq 111
ap 1415482931 yZXckMN 142
ap 121369638 gDf 97
ap -1790562659 AS 111
ap 470326451 msj 51
ap 1940242893 qsZvLbwFlp 191
ap -543261375 i 68
ap -875117284 Mm 56
ap 540186022 hHdL 118
ap -1670759274 YmajoYK 132
ap -1573241068 EhQGVuxtjI 91
ap 1338125966 CkKJG 31
ap 446673323 Wxf 43
ap 406929107 IOEhRJRG 176
ap -2023245564 bUMY 60
ap 1273505311 qcJzFVd 42
ap -231247435 XeAnVt 199
ap 1945715396 VOWvzuKcDr 191
ap -8288310 RSUCf 19
ap 1179128688 XZnNQ 80
ap -1998685347 l 175
ap 99453645 rdKR 35
ap 1743348153 VAClw 18
ap -844285264 wnja 86
ap 1700504138 FFBpf 63
ap 1415260833 noIJEl 136
ap 1261463354 UF 160
ap 144392552 sEXUAloVSQ 126
ap 1367902357 tEdwHYHsiW 46
ap 555586349 AKdjC 12
ap -958953257 IxAOmbtH 17
ap -450654570 iYoKNMfjA 109
ap 1316954454 JQFSCk 94
ap 1055983561 WAyc 145
ap 32537629 Huxai 126
ap -350542412 BpIjufhLB 22
ap 2082118183 czckeRVAU 185
ap 389567854 IcUMFjLH 30
ap 278572142 trmYTejq 154
ap -168810902 rLilqJyLp 20
ap 198405226 FbElrnf 119
ap 1018417943 BM 182
ap -527104210 tOWY 74
ap -393206560 FOMhKh 125
ap -358375702 NdF 133
ap 1319702862 grJdGrCX 13
ap 1174973379 YNx 128
ap 1881928982 uaSVBV 140
ap 954854003 H 175
ap -212206265 VSP 66
ap -1388350528 rrbfXeKo 41
ap -1917433553 vjJ 126
ap -273236537 D 8
ap -1430603031 emt 145
ap -1827915034 thoBi 198
ap 991230142 TTINewIzo 87
ap 200469858 cxfgfVR 63
ap -1694035713 g 150
ap 950630343 fSXXg 50
ap 514857575 GQZhEgmTj 106
ap 550478284 pmcPV 164
ap -851519567 yHt 114
ap -1332699207 E 164
ap 825187146 FHzQMEZ 147
ap 1183228047 pNNvObn 70
ap 427556174 oDSeLz 56
ap 374808825 titQn 161
ap 722378347 rECwOzrI 152
ap 1758835711 FQr 156
ap 446315520 YNIdxivTF 109
ap -1658000046 PSmKqdBw 133
ap 771951107 Ln 88
ap -1187370006 JinS 20
ap -552638890 mKgkrX 146
ap 1294956632 xaZcqr 87
ap -1658740380 hmptUdmvx 176
ap -265154809 ZIfaLB 27
ap 850322894 SkNw 112
ap -936893586 pBYISnS 13
ap -541007229 hV 97
ap -105424301 qP 73
ap 169446854 NC 69
ap -1251216833 SRxPYOcsAA 7
ap -1251000090 WcPDpz 114
ap 568806929 FQbBAsAC 124
ap 1123890248 c 68
ap 20892086 YIaro 178
ap 1031901995 aCrekRoT 86
ap -945308782 yjvpnQOJC 72
ap -1238097467 H 10
ap -593459208 paCscV 174
ap -912065374 mEHrq 80
ap -555659768 A 127
ap 1559893677 dKwkd 198
ap 934909690 ipnnJJQl 200
ap -945991207 rD 196
ap -747491069 Bxqz 79
ap 1976237423 M 26
ap 1018549060 uPqrDCSW 137
ap 759286741 fY 45
ap -634788272 w 73
ap -1854832397 LJ 177
ap 1436846940 jzVnE 174
ap -93633202 fr 53
ap -113204784 wbI 37
ap 456161884 ieMXpEZry 143
ap 1490134785 ZqRAoOPbwh 124
ap 16257931 WRqIniGfr 76
ap -1836907970 aDKSX 68
ap 1051933523 FGPsIPpGI 17
ap -725394047 dB 34
ap 404086409 t 30
ap 617464384 bEKnx 110
ap -839071627 hTD 33
ap 513005501 k 78
ap 526387125 YHASJHSPYU 110
ap -996937651 GZ 179
ap -1335145875 tlJdCZwaff 49
ap 571052690 ePXk 97
ap 1060768896 iiR 192
ap 1011339532 SRJSLbl 14
ap 2132588632 Eeei 121
ap -2002231350 saHfsc 136
ap -1540808018 vWEH 2
ap 236457833 ZbB 168
ap 410655543 cMI 39
ap -786831352 e 40
ap -594839521 ouWozzTvl 64
ap 1602297281 Wp 179
ap 95338271 IFqOChu 170
ap 629179907 rMftRVnQxe 194
ap -617530703 fWY 160
ap 70419091 RNxXNfw 196
ap 922596653 jHBeLDo 129
ap -933901713 LBicpXrJsm 4
ap 478623422 YJWb 46
ap 1555300945 dhhUk 121
ap -397408332 a 21
ap -1136438367 VHgUCdJ 187
ap -981538771 iSv 182
ap 536672069 IReXBUTAX 115
ap 2128199010 g 40
ap -1501606712 nkkevWUGx 166
ap -987226352 Gywrh 41
ap -297008214 BW 167
ap -209606851 pNwU 194
ap -1928487277 AfrWiCMi 17
ap 1574597559 O 54
ap 1208534518 YvW 14
ap -1807987240 shEE 137
ap -982122954 ECq 6
ap 573300232 BYxzBImIUO 178
ap 1223503847 xknfEKfaMl 149
ap 2013938340 GY 144
ap 1294290841 Xxcf 168
ap -2072171113 XCXaDMhr 22
ap -1117256531 JL 156
ap -375616734 VARKF 154
ap 1386749522 Sg 68
ap -1403730327 SctOgHvlS 155
ap -2146312061 vF 40
ap 2058696164 mnJlA 93
ap -2038674228 fchKO 14
ap 930003070 wjIDU 107
ap -194855033 tNkymXsCo 122
ap 2143796842 QHFCJAt 51
ap 1945281001 v 160
ap -1239534532 hGw 89
ap 1383414564 IVwk 169
ap -1512577721 n 127
ap 623026068 mMt 37
ap -1086235375 uXtu 102
ap 294496436 KfVzYx 128
ap -410402083 QGiL 149
ap -31651762 qjLW 151
ap -1662653306 MoLZR 133
ap -277548526 OJNYgrt 54
ap -1714971644 WxkXCp 159
ap 2033184850 E 97
ap -1013789222 zR 34
ap 722776965 Uoz 143
ap 543152012 qVYrmBdEUk 73
ap 488187000 jpSqub 188
ap 1683718753 lsZjBcYD 155
ap 522370632 hdXKlaosU 34
ap 1386763886 MEjxrwZ 105
ap 485401365 PQsv 38
ap 1198446410 p 106
ap -1751010084 upjdwCwE 119
ap -1739435126 BS 72
ap 1061634296 nDbd 170
ap 1256980989 lmpTo 0
ap -1316674209 we 91
ap 492815133 qbOmTMGQ 12
ap -1793718719 xNYXcQY 143
ap 1027446119 f 78
ap -1173381390 oXXjcb 89
ap 890369395 JwClc 22
ap -1335808894 aFBQCBK 42
ap 38084221 Jgd 150
ap -98085655 PFrxxIx 122
ap -44455202 bNzvLt 12
ap -1745687105 HgcI 175
ap -389635430 UuKEhlOQ 110
ap -2080968311 KHDAZdIsmk 123
ap -1351674134 WJTxtF 50
ap -1992521585 OLsgwUG 100
ap 384632098 xNgP 146
ap 734156943 kjtVMGcQ 30
ap -860273096 snBmBauZzo 69
ap 444548991 lbY 136
ap -808246316 wVeumH 111
ap -1018696211 XmTpi 34
ap 455197058 SD 159
ap -1818542927 L 169
ap 1223777802 uvZAAUJPL 75
ap 1485981333 Rl 29
ap 1345828049 ugG 123
ap 880281276 alPwmTq 196
ap -685700004 BwJL 2
ap 1870471181 lQxrqr 174
ap -42543429 CsZE 148
ap -1542963325 l 181
ap 1570825563 zzZF 178
ap -1585998305 wJASJTMgPW 184
ap -357155331 TbyV 7
ap -759037892 DcJgqHHGv 56
ap -1186657375 Pwqgmta 61
ap -585949198 qhHiONqOYg 110
ap 982548215 zr 146
ap -2010711760 SoEQw 136
ap -862457917 Pm 55
ap 532256147 cCMOENJzG 93
ap -2031596178 Mnb 127
ap 1517531968 XTAjVvkn 4
ap 1007253873 vYfAybycPp 41
ap 1251585178 vDcxaIBk 28
ap -982184570 JffQvKPO 181
ap 923636465 jiCqFjhl 95
ap 826253009 yJJ 154
ap -1012214961 kJCAcIZMoA 85
ap 1778243307 AQC 173
ap 1223913975 Afz 163
ap -773655086 rzZbvgm 110
ap -1990580839 Qr 115
ap -46562794 zDJZcT 108
ap 2063346411 zP 23
ap 810472525 QZQ 125
ap 1797087875 rQMipniq 101
ap 67984210 WkhC 99
ap 1099326421 agAE 42
ap 1649275029 dv 77
ap 1867660999 XotBmIy 87
ap -309816583 PH 26
ap -630368835 vDWiqEox 165
ap -55342502 JoWOtEo 183
ap 1397557824 ZwIZiq 190
ap 1177422877 FzOvfaLm 134
ap 1015676162 YNBKDNbqD 38
ap 1938805090 xprb 89
ap 345142111 E 16
ap -807215145 w 52
ap -1534018538 AxjvpWWC 71
ap -1389537779 WmEFmEysV 101
ap 495933858 DCgxfjmIY 133
ap -1609880383 U 66
ap 840686187 LfRSGBsvwV 18
ap -1210797993 xZpC 8
ap 2061206421 jZSji 11
ap -900658283 PesfMBeXpY 15
ap -1310754689 xgoHc 161
ap 1074758150 fRPnYmUA 71
ap -997719795 BIFjxS 176
ap 212707238 fH 64
ap 757745485 Y 160
ap -1495694016 COxpYgkmKc 137
ap 992982985 O 20
ap -72257196 RfPl 32
ap 375125911 kyDqEW 146
ap 1442531909 EIvzYHfbFB 34
ap 190675902 Zs 145
ap -1397431120 zt 151
ap -1884554614 mQEj 26
ap -1416663812 GsMQ 130
ap -1557437125 cOz 160
ap -957778136 gCfGYZvIt 35
ap -620069284 zKeb 172
ap 1591079494 RhZ 54
ap 910067539 lilytong 19
ap -723756842 neKoixI 136
ap 1231432338 GRRlSqQ 3
ap -984863293 UIPZYkSd 111
ap 1020777689 OA 103
ap 1964787184 vfXRYQZok 66
ap -1204238209 yrsGjNfWN 87
ap 1496234975 qcpoL 80
ap -903904959 NNSQkaTHTU 123
ap 401518543 EyiurgQFUR 26
ap 866332852 PR 159
ap 1835764625 EHeuqF 100
ap -752605581 kRRST 158
ap 475989455 nLnhSM 182
ap 2035480487 hIKaLDzrq 198
ap -1421000452 wINNJsGfwn 199
ap 442412598 jWQrK 4
ap 522131130 lipTJTLHfk 64
ap -158195914 cAedsQFUWC 52
ap 1047431686 u 92
ap 1250928518 YTh 103
ap 478932184 w 83
ap -389344113 Dnu 156
ap 1705043823 kPDMtc 190
ap -135492808 qHbqUH 54
ap 188833171 Eqm 45
ap 1384783850 Q 154
ap 484287037 U 18
ap -39030655 oVHPN 107
ap -563655464 TOPNnzqVN 95
ap -1448555692 FjUzmOV 167
ap -1091987156 PZYtKlEevP 107
ap -1725459737 Ta 158
ap 614770493 rbwJEF 13
ap 1955091152 XjJQHDlcK 61
ap -1148430962 rBOakUH 72
ap 273230737 Np 123
ap -1651562968 C 196
ap -171387331 IPUHm 182
ap 729536638 jZkCVNeoGp 137
ap -589149063 fKNY 44
ap 208341179 RhyfAJk 162
ap -1916997157 vQkEHAbHO 126
ap 820953077 YtSfx 115
ap -2020179712 BqG 138
ap -2092727672 HyyaJ 171
ap -2022864607 pQNPPi 182
ap -757122902 vFG 19
ap 1218368412 qGiBfWbl 79
ap -1187455866 BeNiE 180
ap -913563284 L 45
ap -1437545285 WRttUKr 104
ap 482492177 Grq 145
ap -538926634 DadGmBnMFv 116
ap -1877634907 m 115
ap 1537689283 dxIecm 17
ap -1978774868 rs 55
ap 1840925697 inDyJ 200
ap -235166020 pBMCyx 125
ap -1615831308 ANzG 81
ap 1698989083 BYbshMSYb 22
ap -1034561667 WJSIAlPy 189
ap 2060403372 EKOLP 64
ap -1248162025 uktyE 128
ap -138087907 hsYyJkll 177
ap -1348099473 THLevpMgv 111
ap 1941227201 Xcbgp 117
ap -691838249 gicYYpp 184
ap 942987890 Sayj 115
ap 437931323 EbPKtMJtr 140
ap -1936023703 nsCNBXT 172
ap 1234382779 OBmiEG 155
ap -163110748 eJuGU 148
ap 1416859523 FJVvDMLvo 186
ap 1100550294 lms 17
ap 915721293 QxR 110
ap -2063486384 FZ 165
ap -1821347386 QV 166
ap 1292180133 EjmDli 191
ap 1449261270 IjIIvyLl 80
ap 1530045729 L 85
ap -115108401 A 142
ap -503340146 JjsGZimq 176
ap -406102347 XFyNkhe 190
ap 1183553063 cXZEGczIM 120
ap 694935347 q 29
ap 1002894805 biEMn 151
ap -1310554614 DCayrqH 0
ap -1172051342 XxQkuEkQxR 59
ap -64175901 znqu 198
ap -336446421 HeBDyhm 70
ap 908215939 WLra 92
ap -613764247 MIaeDcWz 200
ap -526518299 koXFE 66
ap -1870411811 ZQlJzxHriG 125
ap -2033650264 adwGyQTCLX 129
ap 172886309 gVrGeJ 8
ap -1282410012 FWjsOhgMP 172
ap 210785735 eHDes 125
ap 2103484185 AUnH 61
ap -1583951217 to 75
ap -1862471152 EloVump 68
ap 1554888182 nyLahRO 66
ap -1303343609 SgsmQK 32
ap -1394203754 qoan 10
ap -1753005862 DyrElZkxaI 131
ap -1091821283 znXG 95
ap -1861176744 oz 41
ap -1519714327 uznHUWVGuR 50
ap -2086654508 UYtxXHDC 55
ap 1834278402 FsS 129
ap 480617504 zBN 14
ap -169011193 oyU 36
ap 1331007135 YzjHIhiok 17
ap -136128259 vWCtas 7
ap 1044000273 wGboYBGz 137
ap 1671911852 je 103
ap 1455825117 VoqrHhORB 4
ap 1376775272 rTASbsX 105
ap -408131277 rG 198
ap 1651771093 cJA 14
ap 524600105 OrTKFrj 151
ap 551793041 aAO 120
ap -288006701 PWYg 80
ap 83091317 MVQp 58
ap -1377570866 JRtRy 54
ap 1326881284 jENUdLnTd 110
ap 209327300 RSyD 193
ap 1481441260 ekjhZVINR 3
ap -1240769209 EeIP 154
ap -1054714782 FNiAGPpch 148
ap -162273212 Brwd 1
ap 1422952932 TwVAWZpzZ 185
ap 428929122 mLwzrN 9
ap -352171978 cIHal 191
ap 251540325 Vqd 21
ap -714803709 ZfxCxJmk 105
ap 1244046884 LonRfkMca 142
ap -1230589936 dqF 137
ap 866225543 q 107
ap 862732769 CZrmSggYZ 11
ap 674498720 EUuSbP 8
ap 1014855453 ZrKBFE 184
ap -1923041426 IL 102
ap -1215684249 DYodoR 104
ap -181989218 rT 28
ap 1546760149 UeTQMPLkX 54
ap 310504726 njFOaaxxQ 109
ap 396622611 uYubLIzfF 70
ap -476611720 jjB 50
ap 1967485330 Y 150
ap 1209379473 jtBMUNHc 32
ap 1894462902 bx 186
ap -942161622 WLPlnoyL 35
ap 1982876560 O 55
ap 587926097 BPfsSPNqP 62
ap 483935579 zJrl 0
ap 966437721 ixl 65
ap 409174426 kX 144
ap -2056274819 oVboMxEg 50
ap -1698511636 dXDNYY 75
ap 588057926 S 188
ap 1156571737 dabbGLDzB 164
ap -616708614 DzqrSK 200
ap -1164598849 Jzxwz 185
ap 126046353 ErKTJKQ 144
ap -2030674643 R 23
ap 1682551571 QxR 154
ap 616146720 mRiRKMcK 104
ap 1606052805 xYcDBbtufu 48
ap 606190323 NKZoA 115
ap -1426860356 Taxms 91
ap -166976330 eOsrhQTV 13
ap 805830922 hhs 148
ap -626803064 u 70
ap 1198778100 kMTzOjmG 97
ap 692661888 feqqNYKdps 185
ap -612130246 zgJRn 120
ap 2125676013 aNhLc 104
ap -968112664 yK 121
ap -1160824714 uogtR 186
ap -36816628 gT 70
ap -1099574765 QkaLZhSnAy 113
ap 2010196817 prWaggyTg 36
ap -2036546186 rqYgglV 87
ap -1103956607 Wfqxa 48
ap 1233025282 GowscDu 153
ap -276155849 WcxFU 22
ap 1078805395 dSGwb 114
ap -1446137106 efxOxxk 102
ap -1612607975 RpeEc 56
ap -811542112 n 80
ap -642594026 bLqB 116
ap -2064532990 GPpwWuzflw 21
ap -1864325479 tYSmmUWhXP 101
ap -1903624190 wXOUNIazc 29
ap 1147840953 qjtayuV 128
ap -360176776 Dy 189
ap 949606660 lm 4
ap 2032006850 cDzQR 84
ap -387257695 glecod 147
ap -1891864964 W 179
ap 892501316 MRale 88
ap -1248366878 ygOvhDjMPu 27
ap 1090091126 zC 143
ap -752507839 BtJLqFhRI 84
ap -1295315392 lsUtyRR 150
ap -1455456750 CXEJh 36
ap -79157779 YtDqrZucO 197
ap 1213081483 Yf 121
ap -705254837 pCFackKJU 59
ap -505155090 rygzWUNiH 198
ap -1539464661 AOOPkUk 118
ap -662516000 fRfRSSFQG 184
ap -483495304 QlTffnUZo 4
ap -1441198 wCrPggo 49
ap -741372049 Tr 50
ap 211593872 HDFKYp 100
ap 1905587835 XCZXB 67
ap -1039511964 biQxed 158
ap 662495003 gdThxx 142
ap -1746974630 pJahpz 13
ap -1776651652 kHYbUqmnaZ 97
ap 515070333 iCWMCXQJ 147
ap 1834911067 DXJayi 63
ap 2103887017 qXhMr 80
ap 163454109 Wd 126
ap -1042020110 rgjCywodzw 44
ap 289382390 B 143
ap 1052657704 pnOHgZXM 34
ap -1509718964 VpFsBn 44
ap 2049925474 HPI 188
ap -1636165539 oxEszaT 92
ap 180332727 U 31
ap -1131917260 xKW 150
ap -902406173 fJWnREsMuy 39
ap 1581633551 NqezdBIlGi 50
ap -60844306 xRaOEMeti 185
ap 1298157091 DAwo 193
ap 369276929 LFBXeuCywC 189
ap -457144318 U 20
ap -1210357272 yHcIcn 104
ap -818719876 VREwjrlmpz 69
ap 1043114746 tx 13
ap -141356117 xwcplJEfQ 173
ap 489105653 WRWLHA 73
ap -1609098646 pJxnM 192
ap -62227062 v 75
ap -707458204 iauJynFBt 15
ap 779156753 XPp 108
ap 848761008 CKxno 15
ap 417384104 uTCcAYZr 136
ap -1963675863 kYnmxgObP 160
ap 1757585548 HlQjWdnyY 52
ap -974802434 Xzxlm 31
ap 412496238 wv 61
ap 1346006722 zMYiyNUUyS 144
ap -1006746973 zDnT 166
ap -307076191 Us 68
ap 1714361083 MmMfK 107
ap 1885874061 GJPbW 150
ap -616730747 qzX 119
ap 257234262 Cew 71
ap -1828216552 kCnv 23
ap -512633600 tmLVrdCzm 106
ap -2133088021 GeQsdZo 66
ap 1936732540 dRVFTpIP 94
ap 1326973764 aMWCXPd 18
ap -855139802 vgCfQ 133
ap -747762201 Ms 177
ap 190451882 ZvwK 14
ap 1602579174 cFYdXxwlx 115
ap 349493462 hEgar 111
ap 1632523897 rPYxfDIdR 86
ap 1524807811 Q 66
ap 1743910995 qKJ 87
ap -1549168318 db 38
ap -544536844 UaFp 176
ap -2081049089 NvGpIPk 100
ap 676029399 GvRupgJYRy 198
ap 1809820989 bBZfjLPeRO 96
ap -1962000459 Uln 6
ap 863076762 hbQJjJDyUW 31
ap 685593484 Tbaljsw 70
ap 2115685354 OLRikG 97
ap -329540261 TVF 69
ap -1584764848 HMjc 188
ap 245419967 FyUyb 108
ap -435115140 a 12
ap 1018506582 c 107
ap 1729716982 NAt 169
ap -1171345757 f 106
ar 757068205 -1311323663 63
ar -1240769209 -1018696211 165
ar -99674841 424287178 6
ar -616708614 -1612607975 30
ar 1144948970 -482799739 2
ar 1819671304 -138087907 181
ar 1123890248 957421398 67
ar 1090091126 1322674246 126
ar 1336240178 1872706158 124
ar 1686695682 522370632 122
ar 1393615130 -1042020110 56
ar 1757585548 1103061484 65
ar -277548526 588057926 166
ar 496889251 -145906305 77
ar 1237599190 979261677 105
ar -1046471773 -368703193 87
ar 1938805090 992982985 13
ar -1148430962 1223913975 195
ar 2012716231 190451882 153
ar -945991207 69469957 171
ar -289800561 1758835711 10
ar 1232322745 -72257196 102
ar -1875434885 1832704365 165
ar 1875463042 -1302120126 155
ar -1945916885 -905240383 21
ar 1453055807 -625645962 33
ar -1369654078 -1573241068 122
ar -1140027806 -368703193 176
ar 1686695682 -2135561623 160
ar -181989218 -877671735 129
ar 1976237423 -49290546 160
ar -946193835 -1992521585 154
ar 551532353 -880443226 171
ar -957778136 587926097 70
ar -377446246 13435328 24
ar 1758835711 -1437545285 200
ar 1719963602 -1173381390 121
ar -357155331 -987226352 50
ar -219073050 226351504 173
ar -376651948 1786964685 189
ar -616730747 -62227062 6
ar -375616734 306244936 199
ar -1177913143 1604253131 196
ar -1540808018 169446854 127
ar 848761008 -1485854347 135
ar -634788272 431509876 50
ar 1223924875 -1186657375 162
ar -1281584199 2032006850 178
ar 689793133 -1202514978 101
ar 526614183 1086568490 71
ar 2132588632 -1211605163 86
ar -1779565039 734156943 1
ar -2139603895 1852072462 180
ap 114514 Senpai 17
at 114514 1919810
ar 114514 -1903624190 1
att -1903624190 114514 1919810
qtvs 114514 1919810
ar 114514 564871171 1
att 564871171 114514 1919810
qtvs 114514 1919810
ar 114514 1870471181 1
att 1870471181 114514 1919810
ar 114514 -585408474 1
att -585408474 114514 1919810
ar 114514 668934188 1
att 668934188 114514 1919810
ar 114514 1506975792 1
att 1506975792 114514 1919810
qtvs 114514 1919810
ar 114514 -759037892 1
att -759037892 114514 1919810
qtvs 114514 1919810
ar 114514 -1005182905 1
att -1005182905 114514 1919810
qtvs 114514 1919810
ar 114514 1951031374 1
att 1951031374 114514 1919810
ar 114514 -74506160 1
att -74506160 114514 1919810
qtvs 114514 1919810
ar 114514 -114868138 1
att -114868138 114514 1919810
qtvs 114514 1919810
ar 114514 2030002265 1
att 2030002265 114514 1919810
qtvs 114514 1919810
ar 114514 948379748 1
att 948379748 114514 1919810
qtvs 114514 1919810
ar 114514 -1365401496 1
att -1365401496 114514 1919810
ar 114514 1143865464 1
att 1143865464 114514 1919810
qtvs 114514 1919810
ar 114514 -2146312061 1
att -2146312061 114514 1919810
qtvs 114514 1919810
ar 114514 -851353461 1
att -851353461 114514 1919810
qtvs 114514 1919810
ar 114514 1757585548 1
att 1757585548 114514 1919810
qtvs 114514 1919810
ar 114514 1183228047 1
att 1183228047 114514 1919810
qtvs 114514 1919810
ar 114514 -377675627 1
att -377675627 114514 1919810
qtvs 114514 1919810
ar 114514 -377446246 1
att -377446246 114514 1919810
qtvs 114514 1919810
ar 114514 1818779812 1
att 1818779812 114514 1919810
ar 114514 -163110748 1
att -163110748 114514 1919810
qtvs 114514 1919810
ar 114514 -880443226 1
att -880443226 114514 1919810
qtvs 114514 1919810
ar 114514 -1445158744 1
att -1445158744 114514 1919810
qtvs 114514 1919810
ar 114514 525426858 1
att 525426858 114514 1919810
qtvs 114514 1919810
ar 114514 -552927052 1
att -552927052 114514 1919810
qtvs 114514 1919810
ar 114514 1232322745 1
att 1232322745 114514 1919810
qtvs 114514 1919810
ar 114514 -5316421 1
att -5316421 114514 1919810
ar 114514 -814202689 1
att -814202689 114514 1919810
qtvs 114514 1919810
ar 114514 -905240383 1
att -905240383 114514 1919810
qtvs 114514 1919810
ar 114514 881557699 1
att 881557699 114514 1919810
ar 114514 -127131453 1
att -127131453 114514 1919810
qtvs 114514 1919810
ar 114514 1365008583 1
att 1365008583 114514 1919810
qtvs 114514 1919810
ar 114514 -1753005862 1
att -1753005862 114514 1919810
qtvs 114514 1919810
ar 114514 -325164837 1
att -325164837 114514 1919810
qtvs 114514 1919810
ar 114514 1455825117 1
att 1455825117 114514 1919810
ar 114514 1073160417 1
att 1073160417 114514 1919810
qtvs 114514 1919810
ar 114514 -64175901 1
att -64175901 114514 1919810
qtvs 114514 1919810
ar 114514 -1251000090 1
att -1251000090 114514 1919810
qtvs 114514 1919810
ar 114514 -1854832397 1
att -1854832397 114514 1919810
ar 114514 1061634296 1
att 1061634296 114514 1919810
ar 114514 374808825 1
att 374808825 114514 1919810
ar 114514 -1421000452 1
att -1421000452 114514 1919810
ar 114514 -2020179712 1
att -2020179712 114514 1919810
qtvs 114514 1919810
ar 114514 307544330 1
att 307544330 114514 1919810
qtvs 114514 1919810
ar 114514 805830922 1
att 805830922 114514 1919810
qtvs 114514 1919810
ar 114514 -997719795 1
att -997719795 114514 1919810
qtvs 114514 1919810
ar 114514 1562091791 1
att 1562091791 114514 1919810
qtvs 114514 1919810
ar 114514 -1828216552 1
att -1828216552 114514 1919810
qtvs 114514 1919810
ar 114514 1393615130 1
att 1393615130 114514 1919810
ar 114514 -1421172453 1
att -1421172453 114514 1919810
ar 114514 -1091821283 1
att -1091821283 114514 1919810
ar 114514 -1673232090 1
att -1673232090 114514 1919810
ar 114514 739442985 1
att 739442985 114514 1919810
qtvs 114514 1919810
ar 114514 -942161622 1
att -942161622 114514 1919810
qtvs 114514 1919810
ar 114514 593436979 1
att 593436979 114514 1919810
qtvs 114514 1919810
ar 114514 149545269 1
att 149545269 114514 1919810
qtvs 114514 1919810
ar 114514 -1544871621 1
att -1544871621 114514 1919810
ar 114514 -903904959 1
att -903904959 114514 1919810
qtvs 114514 1919810
ar 114514 1316954454 1
att 1316954454 114514 1919810
ar 114514 -1519369897 1
att -1519369897 114514 1919810
ar 114514 -992296615 1
att -992296615 114514 1919810
qtvs 114514 1919810
ar 114514 900063578 1
att 900063578 114514 1919810
qtvs 114514 1919810
ar 114514 1449271648 1
att 1449271648 114514 1919810
ar 114514 2049925474 1
att 2049925474 114514 1919810
ar 114514 -1658740380 1
att -1658740380 114514 1919810
qtvs 114514 1919810
ar 114514 -1215684249 1
att -1215684249 114514 1919810
qtvs 114514 1919810
ar 114514 144392552 1
att 144392552 114514 1919810
qtvs 114514 1919810
ar 114514 -913563284 1
att -913563284 114514 1919810
qtvs 114514 1919810
ar 114514 455197058 1
att 455197058 114514 1919810
qtvs 114514 1919810
ar 114514 -94191207 1
att -94191207 114514 1919810
qtvs 114514 1919810
ar 114514 409174426 1
att 409174426 114514 1919810
qtvs 114514 1919810
ar 114514 863076762 1
att 863076762 114514 1919810
qtvs 114514 1919810
ar 114514 1007010215 1
att 1007010215 114514 1919810
qtvs 114514 1919810
ar 114514 799859117 1
att 799859117 114514 1919810
qtvs 114514 1919810
ar 114514 1394041266 1
att 1394041266 114514 1919810
ar 114514 1743348153 1
att 1743348153 114514 1919810
qtvs 114514 1919810
ar 114514 -1164598849 1
att -1164598849 114514 1919810
qtvs 114514 1919810
ar 114514 13435328 1
att 13435328 114514 1919810
qtvs 114514 1919810
ar 114514 -1943182910 1
att -1943182910 114514 1919810
ar 114514 -1238097467 1
att -1238097467 114514 1919810
qtvs 114514 1919810
ar 114514 550478284 1
att 550478284 114514 1919810
ar 114514 1940242893 1
att 1940242893 114514 1919810
qtvs 114514 1919810
ar 114514 146530765 1
att 146530765 114514 1919810
qtvs 114514 1919810
ar 114514 -190856756 1
att -190856756 114514 1919810
qtvs 114514 1919810
ar 114514 592634320 1
att 592634320 114514 1919810
qtvs 114514 1919810
ar 114514 -113204784 1
att -113204784 114514 1919810
qtvs 114514 1919810
ar 114514 535003604 1
att 535003604 114514 1919810
qtvs 114514 1919810
ar 114514 -538926634 1
att -538926634 114514 1919810
qtvs 114514 1919810
ar 114514 1634050519 1
att 1634050519 114514 1919810
qtvs 114514 1919810
ar 114514 -60030500 1
att -60030500 114514 1919810
ar 114514 862732769 1
att 862732769 114514 1919810
ar 114514 -1791491612 1
att -1791491612 114514 1919810
qtvs 114514 1919810
ar 114514 1945281001 1
att 1945281001 114514 1919810
qtvs 114514 1919810
ar 114514 1103061484 1
att 1103061484 114514 1919810
qtvs 114514 1919810
ar 114514 1256980989 1
att 1256980989 114514 1919810
qtvs 114514 1919810
ar 114514 1065255425 1
att 1065255425 114514 1919810
ar 114514 -1561787899 1
att -1561787899 114514 1919810
qtvs 114514 1919810
ar 114514 1074758150 1
att 1074758150 114514 1919810
qtvs 114514 1919810
ar 114514 -1406107131 1
att -1406107131 114514 1919810
qtvs 114514 1919810
ar 114514 -1959026170 1
att -1959026170 114514 1919810
ar 114514 1852072462 1
att 1852072462 114514 1919810
qtvs 114514 1919810
ar 114514 -46562794 1
att -46562794 114514 1919810
ar 114514 889471513 1
att 889471513 114514 1919810
ar 114514 -1740037597 1
att -1740037597 114514 1919810
ar 114514 -1539464661 1
att -1539464661 114514 1919810
qtvs 114514 1919810
ar 114514 2045149743 1
att 2045149743 114514 1919810
qtvs 114514 1919810
ar 114514 326976052 1
att 326976052 114514 1919810
ar 114514 -978607560 1
att -978607560 114514 1919810
qtvs 114514 1919810
ar 114514 -612130246 1
att -612130246 114514 1919810
qtvs 114514 1919810
ar 114514 484287037 1
att 484287037 114514 1919810
qtvs 114514 1919810
ar 114514 -1836907970 1
att -1836907970 114514 1919810
ar 114514 617464384 1
att 617464384 114514 1919810
qtvs 114514 1919810
ar 114514 1700504138 1
att 1700504138 114514 1919810
qtvs 114514 1919810
ar 114514 1555300945 1
att 1555300945 114514 1919810
qtvs 114514 1919810
ar 114514 -1441198 1
att -1441198 114514 1919810
qtvs 114514 1919810
ar 114514 1156571737 1
att 1156571737 114514 1919810
qtvs 114514 1919810
ar 114514 -635501988 1
att -635501988 114514 1919810
qtvs 114514 1919810
ar 114514 -1041563043 1
att -1041563043 114514 1919810
qtvs 114514 1919810
ar 114514 1935737438 1
att 1935737438 114514 1919810
ar 114514 1683718753 1
att 1683718753 114514 1919810
ar 114514 670147179 1
att 670147179 114514 1919810
qtvs 114514 1919810
ar 114514 -1348099473 1
att -1348099473 114514 1919810
qtvs 114514 1919810
ar 114514 1729380980 1
att 1729380980 114514 1919810
qtvs 114514 1919810
ar 114514 -1875434885 1
att -1875434885 114514 1919810
ar 114514 1544290942 1
att 1544290942 114514 1919810
qtvs 114514 1919810
ar 114514 -541007229 1
att -541007229 114514 1919810
qtvs 114514 1919810
ar 114514 1797087875 1
att 1797087875 114514 1919810
qtvs 114514 1919810
ar 114514 -2092727672 1
att -2092727672 114514 1919810
qtvs 114514 1919810
ar 114514 9101966 1
att 9101966 114514 1919810
ar 114514 411116175 1
att 411116175 114514 1919810
ar 114514 70419091 1
att 70419091 114514 1919810
qtvs 114514 1919810
ar 114514 -808787308 1
att -808787308 114514 1919810
qtvs 114514 1919810
ar 114514 -389635430 1
att -389635430 114514 1919810
qtvs 114514 1919810
ar 114514 -1006746973 1
att -1006746973 114514 1919810
qtvs 114514 1919810
ar 114514 2013938340 1
att 2013938340 114514 1919810
qtvs 114514 1919810
ar 114514 2060403372 1
att 2060403372 114514 1919810
qtvs 114514 1919810
ar 114514 -1540808018 1
att -1540808018 114514 1919810
qtvs 114514 1919810
ar 114514 -327515469 1
att -327515469 114514 1919810
ar 114514 1945715396 1
att 1945715396 114514 1919810
qtvs 114514 1919810
ar 114514 1904886477 1
att 1904886477 114514 1919810
ar 114514 -49290546 1
att -49290546 114514 1919810
qtvs 114514 1919810
ar 114514 -691838249 1
att -691838249 114514 1919810
qtvs 114514 1919810
ar 114514 -410402083 1
att -410402083 114514 1919810
ar 114514 -817257748 1
att -817257748 114514 1919810
qtvs 114514 1919810
ar 114514 1729716982 1
att 1729716982 114514 1919810
qtvs 114514 1919810
ar 114514 220816134 1
att 220816134 114514 1919810
qtvs 114514 1919810
ar 114514 485401365 1
att 485401365 114514 1919810
qtvs 114514 1919810
ar 114514 492815133 1
att 492815133 114514 1919810
qtvs 114514 1919810
ar 114514 1163993885 1
att 1163993885 114514 1919810
qtvs 114514 1919810
ar 114514 994681636 1
att 994681636 114514 1919810
ar 114514 930816804 1
att 930816804 114514 1919810
qtvs 114514 1919810
ar 114514 524600105 1
att 524600105 114514 1919810
qtvs 114514 1919810
ar 114514 -1705319638 1
att -1705319638 114514 1919810
qtvs 114514 1919810
ar 114514 1326973764 1
att 1326973764 114514 1919810
qtvs 114514 1919810
ar 114514 -119495868 1
att -119495868 114514 1919810
qtvs 114514 1919810
ar 114514 -1268825269 1
att -1268825269 114514 1919810
qtvs 114514 1919810
ar 114514 263635803 1
att 263635803 114514 1919810
qtvs 114514 1919810
ar 114514 -936893586 1
att -936893586 114514 1919810
qtvs 114514 1919810
ar 114514 -1166179472 1
att -1166179472 114514 1919810
qtvs 114514 1919810
ar 114514 1909867384 1
att 1909867384 114514 1919810
qtvs 114514 1919810
ar 114514 -360176776 1
att -360176776 114514 1919810
qtvs 114514 1919810
ar 114514 1672381317 1
att 1672381317 114514 1919810
ar 114514 -503340146 1
att -503340146 114514 1919810
ar 114514 1078805395 1
att 1078805395 114514 1919810
qtvs 114514 1919810
ar 114514 1614824341 1
att 1614824341 114514 1919810
qtvs 114514 1919810
ar 114514 2061206421 1
att 2061206421 114514 1919810
qtvs 114514 1919810
ar 114514 -1394203754 1
att -1394203754 114514 1919810
qtvs 114514 1919810
ar 114514 -307076191 1
att -307076191 114514 1919810
qtvs 114514 1919810
ar 114514 727917476 1
att 727917476 114514 1919810
ar 114514 -297008214 1
att -297008214 114514 1919810
qtvs 114514 1919810
ar 114514 1332781995 1
att 1332781995 114514 1919810
qtvs 114514 1919810
ar 114514 -393624657 1
att -393624657 114514 1919810
ar 114514 -887176256 1
att -887176256 114514 1919810
qtvs 114514 1919810
ar 114514 287171522 1
att 287171522 114514 1919810
qtvs 114514 1919810
ar 114514 -808246316 1
att -808246316 114514 1919810
qtvs 114514 1919810
ar 114514 1099326421 1
att 1099326421 114514 1919810
qtvs 114514 1919810
ar 114514 1237599190 1
att 1237599190 114514 1919810
qtvs 114514 1919810
ar 114514 676029399 1
att 676029399 114514 1919810
ar 114514 -476634133 1
att -476634133 114514 1919810
qtvs 114514 1919810
ar 114514 -1028275213 1
att -1028275213 114514 1919810
qtvs 114514 1919810
ar 114514 608789510 1
att 608789510 114514 1919810
qtvs 114514 1919810
ar 114514 1193329680 1
att 1193329680 114514 1919810
qtvs 114514 1919810
ar 114514 -949861351 1
att -949861351 114514 1919810
qtvs 114514 1919810
ar 114514 1698989083 1
att 1698989083 114514 1919810
qtvs 114514 1919810
ar 114514 1575273499 1
att 1575273499 114514 1919810
ar 114514 480617504 1
att 480617504 114514 1919810
qtvs 114514 1919810
ar 114514 190604321 1
att 190604321 114514 1919810
qtvs 114514 1919810
ar 114514 -752507839 1
att -752507839 114514 1919810
qtvs 114514 1919810
ar 114514 779363394 1
att 779363394 114514 1919810
qtvs 114514 1919810
ar 114514 1678386249 1
att 1678386249 114514 1919810
qtvs 114514 1919810
ar 114514 -813398966 1
att -813398966 114514 1919810
ar 114514 -1509718964 1
att -1509718964 114514 1919810
qtvs 114514 1919810
ar 114514 -1143241613 1
att -1143241613 114514 1919810
qtvs 114514 1919810
ar 114514 488187000 1
att 488187000 114514 1919810
qtvs 114514 1919810
ar 114514 -301185901 1
att -301185901 114514 1919810
ar 114514 -132561753 1
att -132561753 114514 1919810
qtvs 114514 1919810
ar 114514 1258726567 1
att 1258726567 114514 1919810
qtvs 114514 1919810
ar 114514 529188009 1
att 529188009 114514 1919810
ar 114514 2103887017 1
att 2103887017 114514 1919810
ar 114514 -1117256531 1
att -1117256531 114514 1919810
qtvs 114514 1919810
ar 114514 -1397431120 1
att -1397431120 114514 1919810
ar 114514 -166976330 1
att -166976330 114514 1919810
qtvs 114514 1919810
ar 114514 -1227791159 1
att -1227791159 114514 1919810
ar 114514 -1560804136 1
att -1560804136 114514 1919810
qtvs 114514 1919810
ar 114514 -393206560 1
att -393206560 114514 1919810
qtvs 114514 1919810
ar 114514 -1780136735 1
att -1780136735 114514 1919810
qtvs 114514 1919810
ar 114514 377685226 1
att 377685226 114514 1919810
ar 114514 -1698511636 1
att -1698511636 114514 1919810
qtvs 114514 1919810
ar 114514 -1041939192 1
att -1041939192 114514 1919810
ar 114514 1897121041 1
att 1897121041 114514 1919810
ar 114514 1240409370 1
att 1240409370 114514 1919810
qtvs 114514 1919810
ar 114514 -875117284 1
att -875117284 114514 1919810
qtvs 114514 1919810
ar 114514 -1726855907 1
att -1726855907 114514 1919810
ar 114514 876717341 1
att 876717341 114514 1919810
qtvs 114514 1919810
ar 114514 1530045729 1
att 1530045729 114514 1919810
qtvs 114514 1919810
ar 114514 384632098 1
att 384632098 114514 1919810
ar 114514 1779344683 1
att 1779344683 114514 1919810
qtvs 114514 1919810
ar 114514 -1557437125 1
att -1557437125 114514 1919810
qtvs 114514 1919810
ar 114514 -1495694016 1
att -1495694016 114514 1919810
qtvs 114514 1919810
ar 114514 -1643887291 1
att -1643887291 114514 1919810
ar 114514 -1512577721 1
att -1512577721 114514 1919810
ar 114514 -14449331 1
att -14449331 114514 1919810
qtvs 114514 1919810
ar 114514 -93633202 1
att -93633202 114514 1919810
qtvs 114514 1919810
ar 114514 1570825563 1
att 1570825563 114514 1919810
ar 114514 -1277262500 1
att -1277262500 114514 1919810
qtvs 114514 1919810
ar 114514 483935579 1
att 483935579 114514 1919810
ar 114514 1834911067 1
att 1834911067 114514 1919810
qtvs 114514 1919810
ar 114514 -1316674209 1
att -1316674209 114514 1919810
qtvs 114514 1919810
ar 114514 8471906 1
att 8471906 114514 1919810
qtvs 114514 1919810
ar 114514 -2095487627 1
att -2095487627 114514 1919810
ar 114514 -2036546186 1
att -2036546186 114514 1919810
ar 114514 -210901642 1
att -210901642 114514 1919810
qtvs 114514 1919810
ar 114514 -145906305 1
att -145906305 114514 1919810
ar 114514 -1528068731 1
att -1528068731 114514 1919810
qtvs 114514 1919810
ar 114514 -1990580839 1
att -1990580839 114514 1919810
qtvs 114514 1919810
ar 114514 -552073829 1
att -552073829 114514 1919810
qtvs 114514 1919810
ar 114514 -350542412 1
att -350542412 114514 1919810
qtvs 114514 1919810
ar 114514 850322894 1
att 850322894 114514 1919810
ar 114514 475989455 1
att 475989455 114514 1919810
ar 114514 -1784748592 1
att -1784748592 114514 1919810
qtvs 114514 1919810
ar 114514 1700021726 1
att 1700021726 114514 1919810
ar 114514 -1840732705 1
att -1840732705 114514 1919810
qtvs 114514 1919810
ar 114514 -968112664 1
att -968112664 114514 1919810
ar 114514 -79157779 1
att -79157779 114514 1919810
qtvs 114514 1919810
ar 114514 1964787184 1
att 1964787184 114514 1919810
qtvs 114514 1919810
ar 114514 -1711856143 1
att -1711856143 114514 1919810
qtvs 114514 1919810
ar 114514 1208534518 1
att 1208534518 114514 1919810
ar 114514 -616708614 1
att -616708614 114514 1919810
qtvs 114514 1919810
ar 114514 404424189 1
att 404424189 114514 1919810
qtvs 114514 1919810
ar 114514 629179907 1
att 629179907 114514 1919810
qtvs 114514 1919810
ar 114514 -955120123 1
att -955120123 114514 1919810
qtvs 114514 1919810
ar 114514 -1310554614 1
att -1310554614 114514 1919810
ar 114514 759408148 1
att 759408148 114514 1919810
qtvs 114514 1919810
ar 114514 719111702 1
att 719111702 114514 1919810
qtvs 114514 1919810
ar 114514 1427400222 1
att 1427400222 114514 1919810
qtvs 114514 1919810
ar 114514 1273505311 1
att 1273505311 114514 1919810
qtvs 114514 1919810
ar 114514 -1874270689 1
att -1874270689 114514 1919810
qtvs 114514 1919810
ar 114514 1244046884 1
att 1244046884 114514 1919810
qtvs 114514 1919810
ar 114514 1449387556 1
att 1449387556 114514 1919810
qtvs 114514 1919810
ar 114514 -1651562968 1
att -1651562968 114514 1919810
ar 114514 -1332361687 1
att -1332361687 114514 1919810
qtvs 114514 1919810
ar 114514 1835796016 1
att 1835796016 114514 1919810
qtvs 114514 1919810
ar 114514 -1302772174 1
att -1302772174 114514 1919810
qtvs 114514 1919810
ar 114514 -860273096 1
att -860273096 114514 1919810
qtvs 114514 1919810
ar 114514 -1793718719 1
att -1793718719 114514 1919810
ar 114514 -567212469 1
att -567212469 114514 1919810
qtvs 114514 1919810
ar 114514 426214990 1
att 426214990 114514 1919810
qtvs 114514 1919810
ar 114514 -634788272 1
att -634788272 114514 1919810
ar 114514 -552638890 1
att -552638890 114514 1919810
ar 114514 -1230789032 1
att -1230789032 114514 1919810
qtvs 114514 1919810
ar 114514 1308755544 1
att 1308755544 114514 1919810
ar 114514 1210246749 1
att 1210246749 114514 1919810
qtvs 114514 1919810
ar 114514 623986274 1
att 623986274 114514 1919810
qtvs 114514 1919810
ar 114514 -1403730327 1
att -1403730327 114514 1919810
ar 114514 -168810902 1
att -168810902 114514 1919810
qtvs 114514 1919810
ar 114514 930580082 1
att 930580082 114514 1919810
qtvs 114514 1919810
ar 114514 -752605581 1
att -752605581 114514 1919810
ar 114514 -625645962 1
att -625645962 114514 1919810
qtvs 114514 1919810
ar 114514 908215939 1
att 908215939 114514 1919810
qtvs 114514 1919810
ar 114514 271427220 1
att 271427220 114514 1919810
qtvs 114514 1919810
ar 114514 1485981333 1
att 1485981333 114514 1919810
qtvs 114514 1919810
ar 114514 -1864325479 1
att -1864325479 114514 1919810
ar 114514 417384104 1
att 417384104 114514 1919810
qtvs 114514 1919810
ar 114514 -2070059348 1
att -2070059348 114514 1919810
qtvs 114514 1919810
ar 114514 -1512872262 1
att -1512872262 114514 1919810
ar 114514 880281276 1
att 880281276 114514 1919810
qtvs 114514 1919810
ar 114514 -235166020 1
att -235166020 114514 1919810
qtvs 114514 1919810
ar 114514 1941227201 1
att 1941227201 114514 1919810
qtvs 114514 1919810
ar 114514 1537689283 1
att 1537689283 114514 1919810
ar 114514 862979796 1
att 862979796 114514 1919810
qtvs 114514 1919810
ar 114514 1651771093 1
att 1651771093 114514 1919810
qtvs 114514 1919810
ar 114514 1754162907 1
att 1754162907 114514 1919810
qtvs 114514 1919810
ar 114514 -369735965 1
att -369735965 114514 1919810
ar 114514 1198778100 1
att 1198778100 114514 1919810
qtvs 114514 1919810
ar 114514 -544536844 1
att -544536844 114514 1919810
qtvs 114514 1919810
ar 114514 -203315459 1
att -203315459 114514 1919810
ar 114514 882829056 1
att 882829056 114514 1919810
qtvs 114514 1919810
ar 114514 1490134785 1
att 1490134785 114514 1919810
qtvs 114514 1919810
ar 114514 69469957 1
att 69469957 114514 1919810
qtvs 114514 1919810
ar 114514 608691979 1
att 608691979 114514 1919810
ar 114514 1912153876 1
att 1912153876 114514 1919810
qtvs 114514 1919810
ar 114514 616146720 1
att 616146720 114514 1919810
ar 114514 820463404 1
att 820463404 114514 1919810
qtvs 114514 1919810
ar 114514 -527104210 1
att -527104210 114514 1919810
qtvs 114514 1919810
ar 114514 -1400453328 1
att -1400453328 114514 1919810
ar 114514 -910579911 1
att -910579911 114514 1919810
qtvs 114514 1919810
ar 114514 1261463354 1
att 1261463354 114514 1919810
ar 114514 230647611 1
att 230647611 114514 1919810
ar 114514 -209606851 1
att -209606851 114514 1919810
ar 114514 614770493 1
att 614770493 114514 1919810
qtvs 114514 1919810
ar 114514 -438278323 1
att -438278323 114514 1919810
qtvs 114514 1919810
ar 114514 757745485 1
att 757745485 114514 1919810
ar 114514 910067539 1
att 910067539 114514 1919810
qtvs 114514 1919810
ar 114514 2071054166 1
att 2071054166 114514 1919810
qtvs 114514 1919810
qtvs 114514 1919810
ar 114514 1705043823 1
att 1705043823 114514 1919810
qtvs 114514 1919810
ar 114514 -680474767 1
att -680474767 114514 1919810
qtvs 114514 1919810
qtvs 114514 1919810
ar 114514 444548991 1
att 444548991 114514 1919810
ar 114514 1250928518 1
att 1250928518 114514 1919810
qtvs 114514 1919810
ar 114514 -278108278 1
att -278108278 114514 1919810
qtvs 114514 1919810
ar 114514 1213081483 1
att 1213081483 114514 1919810
qtvs 114514 1919810
ar 114514 1885874061 1
att 1885874061 114514 1919810
qtvs 114514 1919810
ar 114514 212707238 1
att 212707238 114514 1919810
qtvs 114514 1919810
ar 114514 992700332 1
att 992700332 114514 1919810
qtvs 114514 1919810
qtvs 114514 1919810
ar 114514 -397408332 1
att -397408332 114514 1919810
qtvs 114514 1919810
ar 114514 526387125 1
att 526387125 114514 1919810
ar 114514 1055983561 1
att 1055983561 114514 1919810
qtvs 114514 1919810
ar 114514 -8288310 1
att -8288310 114514 1919810
qtvs 114514 1919810
ar 114514 -1135081514 1
att -1135081514 114514 1919810
ar 114514 -1126873129 1
att -1126873129 114514 1919810
ar 114514 -1870411811 1
att -1870411811 114514 1919810
qtvs 114514 1919810
ar 114514 1967581164 1
att 1967581164 114514 1919810
qtvs 114514 1919810
ar 114514 -142866449 1
att -142866449 114514 1919810
ar 114514 -593459208 1
att -593459208 114514 1919810
qtvs 114514 1919810
ar 114514 -457144318 1
att -457144318 114514 1919810
ar 114514 -1874524157 1
att -1874524157 114514 1919810
ar 114514 599820295 1
att 599820295 114514 1919810
qtvs 114514 1919810
ar 114514 -786831352 1
att -786831352 114514 1919810
ar 114514 -758650867 1
att -758650867 114514 1919810
qtvs 114514 1919810
ar 114514 -1746655215 1
att -1746655215 114514 1919810
ar 114514 -1331738593 1
att -1331738593 114514 1919810
qtvs 114514 1919810
ar 114514 1052657704 1
att 1052657704 114514 1919810
qtvs 114514 1919810
ar 114514 -981538771 1
att -981538771 114514 1919810
ar 114514 1336240178 1
att 1336240178 114514 1919810
qtvs 114514 1919810
ar 114514 -403789773 1
att -403789773 114514 1919810
qtvs 114514 1919810
ar 114514 -2008913866 1
att -2008913866 114514 1919810
ar 114514 -352171978 1
att -352171978 114514 1919810
qtvs 114514 1919810
ar 114514 -134281150 1
att -134281150 114514 1919810
qtvs 114514 1919810
ar 114514 -162273212 1
att -162273212 114514 1919810
qtvs 114514 1919810
ar 114514 1322674246 1
att 1322674246 114514 1919810
qtvs 114514 1919810
ar 114514 -31651762 1
att -31651762 114514 1919810
qtvs 114514 1919810
ar 114514 -1584764848 1
att -1584764848 114514 1919810
ar 114514 1405118549 1
att 1405118549 114514 1919810
qtvs 114514 1919810
ar 114514 -1746974630 1
att -1746974630 114514 1919810
ar 114514 2145806429 1
att 2145806429 114514 1919810
ar 114514 -629462941 1
att -629462941 114514 1919810
qtvs 114514 1919810
ar 114514 -708425627 1
att -708425627 114514 1919810
qtvs 114514 1919810
ar 114514 -760051609 1
att -760051609 114514 1919810
qtvs 114514 1919810
ar 114514 689793133 1
att 689793133 114514 1919810
qtvs 114514 1919810
ar 114514 -839071627 1
att -839071627 114514 1919810
qtvs 114514 1919810
ar 114514 -1204238209 1
att -1204238209 114514 1919810
qtvs 114514 1919810
ar 114514 -1992521585 1
att -1992521585 114514 1919810
qtvs 114514 1919810
ar 114514 1367902357 1
att 1367902357 114514 1919810
qtvs 114514 1919810
ar 114514 674498720 1
att 674498720 114514 1919810
ar 114514 -80967520 1
att -80967520 114514 1919810
qtvs 114514 1919810
ar 114514 -168744784 1
att -168744784 114514 1919810
qtvs 114514 1919810
ar 114514 294496436 1
att 294496436 114514 1919810
qtvs 114514 1919810
ar 114514 180332727 1
att 180332727 114514 1919810
ar 114514 208341179 1
att 208341179 114514 1919810
qtvs 114514 1919810
ar 114514 -112875323 1
att -112875323 114514 1919810
qtvs 114514 1919810
ar 114514 -958953257 1
att -958953257 114514 1919810
ar 114514 1539877080 1
att 1539877080 114514 1919810
qtvs 114514 1919810
ar 114514 303483097 1
att 303483097 114514 1919810
qtvs 114514 1919810
ar 114514 -1208760100 1
att -1208760100 114514 1919810
qtvs 114514 1919810
ar 114514 1694197981 1
att 1694197981 114514 1919810
qtvs 114514 1919810
ar 114514 1144948970 1
att 1144948970 114514 1919810
qtvs 114514 1919810
ar 114514 -2133088021 1
att -2133088021 114514 1919810
qtvs 114514 1919810
ar 114514 -1042020110 1
att -1042020110 114514 1919810
qtvs 114514 1919810
ar 114514 489105653 1
att 489105653 114514 1919810
qtvs 114514 1919810
ar 114514 -553416457 1
att -553416457 114514 1919810
qtvs 114514 1919810
ar 114514 1793591567 1
att 1793591567 114514 1919810
qtvs 114514 1919810
ar 114514 -736343792 1
att -736343792 114514 1919810
qtvs 114514 1919810
ar 114514 1314072863 1
att 1314072863 114514 1919810
qtvs 114514 1919810
ar 114514 -2022864607 1
att -2022864607 114514 1919810
qtvs 114514 1919810
ar 114514 172886309 1
att 172886309 114514 1919810
ar 114514 -368703193 1
att -368703193 114514 1919810
qtvs 114514 1919810
ar 114514 1513974059 1
att 1513974059 114514 1919810
qtvs 114514 1919810
ar 114514 -1917433553 1
att -1917433553 114514 1919810
qtvs 114514 1919810
ar 114514 -408131277 1
att -408131277 114514 1919810
ar 114514 -2081871547 1
att -2081871547 114514 1919810
ar 114514 -670488249 1
att -670488249 114514 1919810
ar 114514 1928350037 1
att 1928350037 114514 1919810
qtvs 114514 1919810
ar 114514 -1485854347 1
att -1485854347 114514 1919810
qtvs 114514 1919810
ar 114514 -403502729 1
att -403502729 114514 1919810
qtvs 114514 1919810
ar 114514 485656968 1
att 485656968 114514 1919810
qtvs 114514 1919810
ar 114514 -309614194 1
att -309614194 114514 1919810
qtvs 114514 1919810
ar 114514 340691343 1
att 340691343 114514 1919810
qtvs 114514 1919810
qtvs 114514 1919810
ar 114514 20892086 1
att 20892086 114514 1919810
qtvs 114514 1919810
ar 114514 1147840953 1
att 1147840953 114514 1919810
qtvs 114514 1919810
qtvs 114514 1919810
qtvs 114514 1919810
qtvs 114514 1919810
qtvs 114514 1919810
qtvs 114514 1919810
qtvs 114514 1919810
qtvs 114514 1919810
qtvs 114514 1919810
qtvs 114514 1919810
qtvs 114514 1919810
qtvs 114514 1919810
qtvs 114514 1919810
qtvs 114514 1919810
qtvs 114514 1919810
qtvs 114514 1919810
qtvs 114514 1919810
qtvs 114514 1919810
qtvs 114514 1919810
qtvs 114514 1919810
qtvs 114514 1919810
qtvs 114514 1919810
qtvs 114514 1919810
qtvs 114514 1919810
qtvs 114514 1919810
qtvs 114514 1919810
qtvs 114514 1919810
qtvs 114514 1919810
qtvs 114514 1919810
qtvs 114514 1919810
qtvs 114514 1919810
qtvs 114514 1919810
qtvs 114514 1919810
qtvs 114514 1919810
qtvs 114514 1919810
qtvs 114514 1919810
qtvs 114514 1919810
qtvs 114514 1919810
qtvs 114514 1919810
qtvs 114514 1919810
qtvs 114514 1919810
qtvs 114514 1919810
qtvs 114514 1919810
qtvs 114514 1919810
qtvs 114514 1919810
qtvs 114514 1919810
qtvs 114514 1919810
qtvs 114514 1919810
qtvs 114514 1919810
qtvs 114514 1919810
qtvs 114514 1919810
qtvs 114514 1919810
qtvs 114514 1919810
qtvs 114514 1919810
qtvs 114514 1919810
qtvs 114514 1919810
qtvs 114514 1919810
qtvs 114514 1919810
qtvs 114514 1919810
qtvs 114514 1919810
qtvs 114514 1919810
qtvs 114514 1919810
qtvs 114514 1919810
qtvs 114514 1919810
qtvs 114514 1919810
qtvs 114514 1919810
qtvs 114514 1919810
qtvs 114514 1919810
qtvs 114514 1919810
qtvs 114514 1919810
qtvs 114514 1919810
qtvs 114514 1919810
qtvs 114514 1919810
qtvs 114514 1919810
qtvs 114514 1919810
qtvs 114514 1919810
qtvs 114514 1919810
qtvs 114514 1919810
qtvs 114514 1919810
qtvs 114514 1919810
qtvs 114514 1919810
qtvs 114514 1919810
qtvs 114514 1919810
qtvs 114514 1919810
qtvs 114514 1919810
qtvs 114514 1919810
qtvs 114514 1919810
qtvs 114514 1919810
qtvs 114514 1919810
qtvs 114514 1919810
qtvs 114514 1919810
qtvs 114514 1919810
qtvs 114514 1919810
qtvs 114514 1919810
qtvs 114514 1919810
qtvs 114514 1919810
qtvs 114514 1919810
qtvs 114514 1919810
qtvs 114514 1919810
qtvs 114514 1919810
qtvs 114514 1919810
qtvs 114514 1919810
qtvs 114514 1919810
qtvs 114514 1919810
qtvs 114514 1919810
qtvs 114514 1919810
qtvs 114514 1919810
qtvs 114514 1919810
qtvs 114514 1919810
qtvs 114514 1919810
qtvs 114514 1919810
qtvs 114514 1919810
qtvs 114514 1919810
qtvs 114514 1919810
qtvs 114514 1919810
qtvs 114514 1919810
qtvs 114514 1919810
qtvs 114514 1919810
qtvs 114514 1919810
qtvs 114514 1919810
qtvs 114514 1919810
qtvs 114514 1919810
qtvs 114514 1919810
qtvs 114514 1919810
qtvs 114514 1919810
qtvs 114514 1919810
qtvs 114514 1919810
qtvs 114514 1919810
qtvs 114514 1919810
qtvs 114514 1919810
qtvs 114514 1919810
qtvs 114514 1919810
qtvs 114514 1919810
qtvs 114514 1919810
qtvs 114514 1919810
qtvs 114514 1919810
qtvs 114514 1919810
qtvs 114514 1919810
qtvs 114514 1919810
qtvs 114514 1919810
qtvs 114514 1919810
qtvs 114514 1919810
qtvs 114514 1919810
qtvs 114514 1919810
qtvs 114514 1919810
qtvs 114514 1919810
qtvs 114514 1919810
qtvs 114514 1919810
qtvs 114514 1919810
qtvs 114514 1919810
qtvs 114514 1919810
qtvs 114514 1919810
qtvs 114514 1919810
qtvs 114514 1919810
qtvs 114514 1919810
qtvs 114514 1919810
qtvs 114514 1919810
qtvs 114514 1919810
qtvs 114514 1919810
qtvs 114514 1919810
qtvs 114514 1919810
qtvs 114514 1919810
qtvs 114514 1919810
qtvs 114514 1919810
qtvs 114514 1919810
qtvs 114514 1919810
qtvs 114514 1919810
qtvs 114514 1919810
qtvs 114514 1919810
qtvs 114514 1919810
qtvs 114514 1919810
qtvs 114514 1919810
qtvs 114514 1919810
qtvs 114514 1919810
qtvs 114514 1919810
qtvs 114514 1919810
qtvs 114514 1919810
qtvs 114514 1919810
qtvs 114514 1919810
qtvs 114514 1919810
qtvs 114514 1919810
qtvs 114514 1919810
qtvs 114514 1919810
qtvs 114514 1919810
qtvs 114514 1919810
qtvs 114514 1919810
qtvs 114514 1919810
qtvs 114514 1919810
qtvs 114514 1919810
qtvs 114514 1919810
qtvs 114514 1919810
qtvs 114514 1919810
qtvs 114514 1919810
qtvs 114514 1919810
qtvs 114514 1919810
qtvs 114514 1919810
qtvs 114514 1919810
qtvs 114514 1919810
qtvs 114514 1919810
qtvs 114514 1919810
qtvs 114514 1919810
qtvs 114514 1919810
qtvs 114514 1919810
qtvs 114514 1919810
qtvs 114514 1919810
qtvs 114514 1919810
qtvs 114514 1919810
qtvs 114514 1919810
qtvs 114514 1919810
qtvs 114514 1919810
qtvs 114514 1919810
qtvs 114514 1919810
qtvs 114514 1919810
qtvs 114514 1919810
qtvs 114514 1919810
qtvs 114514 1919810
qtvs 114514 1919810
qtvs 114514 1919810
qtvs 114514 1919810
qtvs 114514 1919810
qtvs 114514 1919810
qtvs 114514 1919810
qtvs 114514 1919810
qtvs 114514 1919810
qtvs 114514 1919810
qtvs 114514 1919810
qtvs 114514 1919810
qtvs 114514 1919810
qtvs 114514 1919810
qtvs 114514 1919810
qtvs 114514 1919810
qtvs 114514 1919810
qtvs 114514 1919810
qtvs 114514 1919810
qtvs 114514 1919810
qtvs 114514 1919810
qtvs 114514 1919810
qtvs 114514 1919810
qtvs 114514 1919810
qtvs 114514 1919810
qtvs 114514 1919810
qtvs 114514 1919810
qtvs 114514 1919810
qtvs 114514 1919810
qtvs 114514 1919810
qtvs 114514 1919810
qtvs 114514 1919810
qtvs 114514 1919810
qtvs 114514 1919810
qtvs 114514 1919810
qtvs 114514 1919810
qtvs 114514 1919810
qtvs 114514 1919810
qtvs 114514 1919810
qtvs 114514 1919810
qtvs 114514 1919810
qtvs 114514 1919810
qtvs 114514 1919810
qtvs 114514 1919810
qtvs 114514 1919810
qtvs 114514 1919810
qtvs 114514 1919810
qtvs 114514 1919810
qtvs 114514 1919810
qtvs 114514 1919810
qtvs 114514 1919810
qtvs 114514 1919810
qtvs 114514 1919810
qtvs 114514 1919810
qtvs 114514 1919810
qtvs 114514 1919810
qtvs 114514 1919810
qtvs 114514 1919810
qtvs 114514 1919810
qtvs 114514 1919810
qtvs 114514 1919810
qtvs 114514 1919810
qtvs 114514 1919810
qtvs 114514 1919810
qtvs 114514 1919810
qtvs 114514 1919810
qtvs 114514 1919810
qtvs 114514 1919810
qtvs 114514 1919810
qtvs 114514 1919810
qtvs 114514 1919810
qtvs 114514 1919810
qtvs 114514 1919810
qtvs 114514 1919810
qtvs 114514 1919810
qtvs 114514 1919810
qtvs 114514 1919810
qtvs 114514 1919810
qtvs 114514 1919810
qtvs 114514 1919810
qtvs 114514 1919810
qtvs 114514 1919810
qtvs 114514 1919810
qtvs 114514 1919810
qtvs 114514 1919810
qtvs 114514 1919810
qtvs 114514 1919810
qtvs 114514 1919810
qtvs 114514 1919810
qtvs 114514 1919810
qtvs 114514 1919810
qtvs 114514 1919810
qtvs 114514 1919810
qtvs 114514 1919810
qtvs 114514 1919810
qtvs 114514 1919810
qtvs 114514 1919810
qtvs 114514 1919810
qtvs 114514 1919810
qtvs 114514 1919810
qtvs 114514 1919810
qtvs 114514 1919810
qtvs 114514 1919810
qtvs 114514 1919810
qtvs 114514 1919810
qtvs 114514 1919810
qtvs 114514 1919810
qtvs 114514 1919810
qtvs 114514 1919810
qtvs 114514 1919810
qtvs 114514 1919810
qtvs 114514 1919810
qtvs 114514 1919810
qtvs 114514 1919810
qtvs 114514 1919810
qtvs 114514 1919810
qtvs 114514 1919810
qtvs 114514 1919810
qtvs 114514 1919810
qtvs 114514 1919810
qtvs 114514 1919810
qtvs 114514 1919810
qtvs 114514 1919810
qtvs 114514 1919810
qtvs 114514 1919810
qtvs 114514 1919810
qtvs 114514 1919810
qtvs 114514 1919810
qtvs 114514 1919810
qtvs 114514 1919810
qtvs 114514 1919810
qtvs 114514 1919810
qtvs 114514 1919810
qtvs 114514 1919810
qtvs 114514 1919810
qtvs 114514 1919810
qtvs 114514 1919810
qtvs 114514 1919810
qtvs 114514 1919810
qtvs 114514 1919810
qtvs 114514 1919810
qtvs 114514 1919810
qtvs 114514 1919810
qtvs 114514 1919810
qtvs 114514 1919810
qtvs 114514 1919810
qtvs 114514 1919810
qtvs 114514 1919810
qtvs 114514 1919810
qtvs 114514 1919810
qtvs 114514 1919810
qtvs 114514 1919810
qtvs 114514 1919810
qtvs 114514 1919810
qtvs 114514 1919810
qtvs 114514 1919810
qtvs 114514 1919810
qtvs 114514 1919810
qtvs 114514 1919810
qtvs 114514 1919810
qtvs 114514 1919810
qtvs 114514 1919810
qtvs 114514 1919810
qtvs 114514 1919810
qtvs 114514 1919810
qtvs 114514 1919810
qtvs 114514 1919810
qtvs 114514 1919810
qtvs 114514 1919810
qtvs 114514 1919810
qtvs 114514 1919810
qtvs 114514 1919810
qtvs 114514 1919810
qtvs 114514 1919810
qtvs 114514 1919810
qtvs 114514 1919810
qtvs 114514 1919810
qtvs 114514 1919810
qtvs 114514 1919810
qtvs 114514 1919810
qtvs 114514 1919810
qtvs 114514 1919810
qtvs 114514 1919810
qtvs 114514 1919810
qtvs 114514 1919810
qtvs 114514 1919810
qtvs 114514 1919810
qtvs 114514 1919810
qtvs 114514 1919810
qtvs 114514 1919810
qtvs 114514 1919810
qtvs 114514 1919810
qtvs 114514 1919810
qtvs 114514 1919810
qtvs 114514 1919810
qtvs 114514 1919810
qtvs 114514 1919810
qtvs 114514 1919810
qtvs 114514 1919810
qtvs 114514 1919810
qtvs 114514 1919810
qtvs 114514 1919810
qtvs 114514 1919810
qtvs 114514 1919810
qtvs 114514 1919810
qtvs 114514 1919810
qtvs 114514 1919810
qtvs 114514 1919810
qtvs 114514 1919810
qtvs 114514 1919810
qtvs 114514 1919810
qtvs 114514 1919810
qtvs 114514 1919810
qtvs 114514 1919810
qtvs 114514 1919810
qtvs 114514 1919810
qtvs 114514 1919810
qtvs 114514 1919810
qtvs 114514 1919810
qtvs 114514 1919810
qtvs 114514 1919810
qtvs 114514 1919810
qtvs 114514 1919810
qtvs 114514 1919810
qtvs 114514 1919810
qtvs 114514 1919810
qtvs 114514 1919810
qtvs 114514 1919810
qtvs 114514 1919810
qtvs 114514 1919810
qtvs 114514 1919810
qtvs 114514 1919810
qtvs 114514 1919810
qtvs 114514 1919810
qtvs 114514 1919810
qtvs 114514 1919810
qtvs 114514 1919810
qtvs 114514 1919810
qtvs 114514 1919810
qtvs 114514 1919810
qtvs 114514 1919810
qtvs 114514 1919810
qtvs 114514 1919810
qtvs 114514 1919810
qtvs 114514 1919810
qtvs 114514 1919810
qtvs 114514 1919810
qtvs 114514 1919810
qtvs 114514 1919810
qtvs 114514 1919810
qtvs 114514 1919810
qtvs 114514 1919810
qtvs 114514 1919810
qtvs 114514 1919810
qtvs 114514 1919810
qtvs 114514 1919810
qtvs 114514 1919810
qtvs 114514 1919810
qtvs 114514 1919810
qtvs 114514 1919810
qtvs 114514 1919810
qtvs 114514 1919810
qtvs 114514 1919810
qtvs 114514 1919810
qtvs 114514 1919810
qtvs 114514 1919810
qtvs 114514 1919810
qtvs 114514 1919810
qtvs 114514 1919810
qtvs 114514 1919810
qtvs 114514 1919810
qtvs 114514 1919810
qtvs 114514 1919810
qtvs 114514 1919810
qtvs 114514 1919810
qtvs 114514 1919810
qtvs 114514 1919810
qtvs 114514 1919810
qtvs 114514 1919810
qtvs 114514 1919810
qtvs 114514 1919810
qtvs 114514 1919810
qtvs 114514 1919810
qtvs 114514 1919810
qtvs 114514 1919810
qtvs 114514 1919810
qtvs 114514 1919810
qtvs 114514 1919810
qtvs 114514 1919810
qtvs 114514 1919810
qtvs 114514 1919810
qtvs 114514 1919810
qtvs 114514 1919810
qtvs 114514 1919810
qtvs 114514 1919810
qtvs 114514 1919810
qtvs 114514 1919810
qtvs 114514 1919810
qtvs 114514 1919810
qtvs 114514 1919810
qtvs 114514 1919810
qtvs 114514 1919810
qtvs 114514 1919810
qtvs 114514 1919810
qtvs 114514 1919810
qtvs 114514 1919810
qtvs 114514 1919810
qtvs 114514 1919810
qtvs 114514 1919810
qtvs 114514 1919810
qtvs 114514 1919810
qtvs 114514 1919810
qtvs 114514 1919810
qtvs 114514 1919810
qtvs 114514 1919810
qtvs 114514 1919810
qtvs 114514 1919810
qtvs 114514 1919810
qtvs 114514 1919810
qtvs 114514 1919810
qtvs 114514 1919810
qtvs 114514 1919810
qtvs 114514 1919810
qtvs 114514 1919810
qtvs 114514 1919810
qtvs 114514 1919810
qtvs 114514 1919810
qtvs 114514 1919810
qtvs 114514 1919810
qtvs 114514 1919810
qtvs 114514 1919810
qtvs 114514 1919810
qtvs 114514 1919810
qtvs 114514 1919810
qtvs 114514 1919810
qtvs 114514 1919810
qtvs 114514 1919810
qtvs 114514 1919810
qtvs 114514 1919810
qtvs 114514 1919810
qtvs 114514 1919810
qtvs 114514 1919810
qtvs 114514 1919810
qtvs 114514 1919810
qtvs 114514 1919810
qtvs 114514 1919810
qtvs 114514 1919810
qtvs 114514 1919810
qtvs 114514 1919810
qtvs 114514 1919810
qtvs 114514 1919810
qtvs 114514 1919810
qtvs 114514 1919810
qtvs 114514 1919810
qtvs 114514 1919810
qtvs 114514 1919810
qtvs 114514 1919810
qtvs 114514 1919810
qtvs 114514 1919810
qtvs 114514 1919810
qtvs 114514 1919810
qtvs 114514 1919810
qtvs 114514 1919810
qtvs 114514 1919810
qtvs 114514 1919810
qtvs 114514 1919810
qtvs 114514 1919810
qtvs 114514 1919810
qtvs 114514 1919810
qtvs 114514 1919810
qtvs 114514 1919810
qtvs 114514 1919810
qtvs 114514 1919810
qtvs 114514 1919810
qtvs 114514 1919810
qtvs 114514 1919810
qtvs 114514 1919810
qtvs 114514 1919810
qtvs 114514 1919810
qtvs 114514 1919810
qtvs 114514 1919810
qtvs 114514 1919810
qtvs 114514 1919810
qtvs 114514 1919810
qtvs 114514 1919810
qtvs 114514 1919810
qtvs 114514 1919810
qtvs 114514 1919810
qtvs 114514 1919810
qtvs 114514 1919810
qtvs 114514 1919810
qtvs 114514 1919810
qtvs 114514 1919810
qtvs 114514 1919810
qtvs 114514 1919810
qtvs 114514 1919810
qtvs 114514 1919810
qtvs 114514 1919810
qtvs 114514 1919810
qtvs 114514 1919810
qtvs 114514 1919810
qtvs 114514 1919810
qtvs 114514 1919810
qtvs 114514 1919810
qtvs 114514 1919810
qtvs 114514 1919810
qtvs 114514 1919810
qtvs 114514 1919810
qtvs 114514 1919810
qtvs 114514 1919810
qtvs 114514 1919810
qtvs 114514 1919810
qtvs 114514 1919810
qtvs 114514 1919810
qtvs 114514 1919810
qtvs 114514 1919810
qtvs 114514 1919810
qtvs 114514 1919810
qtvs 114514 1919810
qtvs 114514 1919810
qtvs 114514 1919810
qtvs 114514 1919810
qtvs 114514 1919810
qtvs 114514 1919810
qtvs 114514 1919810
qtvs 114514 1919810
qtvs 114514 1919810
qtvs 114514 1919810
qtvs 114514 1919810
qtvs 114514 1919810
qtvs 114514 1919810
qtvs 114514 1919810
qtvs 114514 1919810
qtvs 114514 1919810
qtvs 114514 1919810
qtvs 114514 1919810
qtvs 114514 1919810
qtvs 114514 1919810
qtvs 114514 1919810
qtvs 114514 1919810
qtvs 114514 1919810
qtvs 114514 1919810
qtvs 114514 1919810
qtvs 114514 1919810
qtvs 114514 1919810
qtvs 114514 1919810
qtvs 114514 1919810
qtvs 114514 1919810
qtvs 114514 1919810
qtvs 114514 1919810
qtvs 114514 1919810
qtvs 114514 1919810
qtvs 114514 1919810
qtvs 114514 1919810
qtvs 114514 1919810
qtvs 114514 1919810
qtvs 114514 1919810
qtvs 114514 1919810
qtvs 114514 1919810
qtvs 114514 1919810
qtvs 114514 1919810
qtvs 114514 1919810
qtvs 114514 1919810
qtvs 114514 1919810
qtvs 114514 1919810
qtvs 114514 1919810
qtvs 114514 1919810
qtvs 114514 1919810
qtvs 114514 1919810
qtvs 114514 1919810
qtvs 114514 1919810
qtvs 114514 1919810
qtvs 114514 1919810
qtvs 114514 1919810
qtvs 114514 1919810
qtvs 114514 1919810
qtvs 114514 1919810
qtvs 114514 1919810
qtvs 114514 1919810
qtvs 114514 1919810
qtvs 114514 1919810
qtvs 114514 1919810
qtvs 114514 1919810
qtvs 114514 1919810
qtvs 114514 1919810
qtvs 114514 1919810
qtvs 114514 1919810
qtvs 114514 1919810
qtvs 114514 1919810
qtvs 114514 1919810
qtvs 114514 1919810
qtvs 114514 1919810
qtvs 114514 1919810
qtvs 114514 1919810
qtvs 114514 1919810
qtvs 114514 1919810
qtvs 114514 1919810
qtvs 114514 1919810
qtvs 114514 1919810
qtvs 114514 1919810
qtvs 114514 1919810
qtvs 114514 1919810
qtvs 114514 1919810
qtvs 114514 1919810
qtvs 114514 1919810
qtvs 114514 1919810
qtvs 114514 1919810
qtvs 114514 1919810
qtvs 114514 1919810
qtvs 114514 1919810
qtvs 114514 1919810
qtvs 114514 1919810
qtvs 114514 1919810
qtvs 114514 1919810
qtvs 114514 1919810
qtvs 114514 1919810
qtvs 114514 1919810
qtvs 114514 1919810
qtvs 114514 1919810
qtvs 114514 1919810
qtvs 114514 1919810
qtvs 114514 1919810
qtvs 114514 1919810
qtvs 114514 1919810
qtvs 114514 1919810
qtvs 114514 1919810
qtvs 114514 1919810
qtvs 114514 1919810
qtvs 114514 1919810
qtvs 114514 1919810
qtvs 114514 1919810
qtvs 114514 1919810
qtvs 114514 1919810
qtvs 114514 1919810
qtvs 114514 1919810
qtvs 114514 1919810
qtvs 114514 1919810
qtvs 114514 1919810
qtvs 114514 1919810
qtvs 114514 1919810
qtvs 114514 1919810
qtvs 114514 1919810
qtvs 114514 1919810
qtvs 114514 1919810
qtvs 114514 1919810
qtvs 114514 1919810
qtvs 114514 1919810
qtvs 114514 1919810
qtvs 114514 1919810
qtvs 114514 1919810
qtvs 114514 1919810
qtvs 114514 1919810
qtvs 114514 1919810
qtvs 114514 1919810
qtvs 114514 1919810
qtvs 114514 1919810
qtvs 114514 1919810
qtvs 114514 1919810
qtvs 114514 1919810
qtvs 114514 1919810
qtvs 114514 1919810
qtvs 114514 1919810
qtvs 114514 1919810
qtvs 114514 1919810
qtvs 114514 1919810
qtvs 114514 1919810
qtvs 114514 1919810
qtvs 114514 1919810
qtvs 114514 1919810
qtvs 114514 1919810
qtvs 114514 1919810
qtvs 114514 1919810
qtvs 114514 1919810
qtvs 114514 1919810
qtvs 114514 1919810
qtvs 114514 1919810
qtvs 114514 1919810
qtvs 114514 1919810
qtvs 114514 1919810
qtvs 114514 1919810
qtvs 114514 1919810
qtvs 114514 1919810
qtvs 114514 1919810
qtvs 114514 1919810
qtvs 114514 1919810
qtvs 114514 1919810
qtvs 114514 1919810
qtvs 114514 1919810
qtvs 114514 1919810
qtvs 114514 1919810
qtvs 114514 1919810
qtvs 114514 1919810
qtvs 114514 1919810
qtvs 114514 1919810