ln 101
43 22 71 51 93 39 75 79 67 88 5 24 66 23 60 63 33 37 80 61 29 15 46 86 81 68 25 3 28 55 7 27 11 9 78 1 54 16 76 96 41 57 12 17 4 89 77 69 26 34 42 72 31 87 74 13 40 50 48 56 90 59 21 64 20 97 47 100 99 10 6 38 98 83 8 30 84 14 32 44 92 58 2 82 45 62 85 95 91 49 53 94 19 35 36 70 52 18 65 101 73
DPO-bot-43 DPO-bot-22 DPO-bot-71 DPO-bot-51 DPO-bot-93 DPO-bot-39 DPO-bot-75 DPO-bot-79 DPO-bot-67 DPO-bot-88 DPO-bot-5 DPO-bot-24 DPO-bot-66 DPO-bot-23 DPO-bot-60 DPO-bot-63 DPO-bot-33 DPO-bot-37 DPO-bot-80 DPO-bot-61 DPO-bot-29 DPO-bot-15 DPO-bot-46 DPO-bot-86 DPO-bot-81 DPO-bot-68 DPO-bot-25 DPO-bot-3 DPO-bot-28 DPO-bot-55 DPO-bot-7 DPO-bot-27 DPO-bot-11 DPO-bot-9 DPO-bot-78 DPO-bot-1 DPO-bot-54 DPO-bot-16 DPO-bot-76 DPO-bot-96 DPO-bot-41 DPO-bot-57 DPO-bot-12 DPO-bot-17 DPO-bot-4 DPO-bot-89 DPO-bot-77 DPO-bot-69 DPO-bot-26 DPO-bot-34 DPO-bot-42 DPO-bot-72 DPO-bot-31 DPO-bot-87 DPO-bot-74 DPO-bot-13 DPO-bot-40 DPO-bot-50 DPO-bot-48 DPO-bot-56 DPO-bot-90 DPO-bot-59 DPO-bot-21 DPO-bot-64 DPO-bot-20 DPO-bot-97 DPO-bot-47 DPO-bot-100 DPO-bot-99 DPO-bot-10 DPO-bot-6 DPO-bot-38 DPO-bot-98 DPO-bot-83 DPO-bot-8 DPO-bot-30 DPO-bot-84 DPO-bot-14 DPO-bot-32 DPO-bot-44 DPO-bot-92 DPO-bot-58 DPO-bot-2 DPO-bot-82 DPO-bot-45 DPO-bot-62 DPO-bot-85 DPO-bot-95 DPO-bot-91 DPO-bot-49 DPO-bot-53 DPO-bot-94 DPO-bot-19 DPO-bot-35 DPO-bot-36 DPO-bot-70 DPO-bot-52 DPO-bot-18 DPO-bot-65 DPO-bot-101 DPO-bot-73
75 134 153 186 156 127 71 126 165 178 167 34 66 131 21 142 75 90 165 58 183 17 136 118 88 62 47 197 169 156 168 64 130 78 33 61 155 131 1 32 93 180 116 134 115 161 8 9 32 186 66 9 56 132 77 22 200 138 22 186 112 173 20 97 134 180 67 23 80 103 181 21 175 71 67 97 117 43 118 50 119 172 115 144 128 65 28 61 120 85 178 106 198 20 171 171 30 169 103 50 161
16
51 145
29 182 59
108 134 85 28
47 86 69 46 97
168 118 49 8 134 62
81 167 129 95 106 40 148
77 105 42 48 56 8 159 126
62 110 167 155 32 190 193 37 196
80 14 37 160 128 22 43 174 169 132
148 119 102 5 108 150 105 181 173 159 72
87 84 149 39 116 48 14 186 154 7 126 108
76 133 27 126 99 90 137 30 3 86 79 139 88
51 109 194 101 67 152 94 53 151 47 33 120 119 102
76 24 113 7 121 142 57 22 42 75 184 11 28 165 57
182 191 198 75 186 14 66 74 39 63 70 23 61 178 149 55
86 82 67 33 118 63 158 26 43 156 78 113 67 148 192 122 136
101 72 171 47 132 173 145 114 100 184 81 131 79 66 162 100 134 101
131 108 189 172 98 129 139 67 20 51 38 198 83 56 119 2 115 112 145
68 134 115 111 165 12 179 96 167 68 114 117 135 66 115 187 36 37 150 172
89 129 173 82 100 183 20 24 142 68 99 168 15 68 43 103 37 49 59 37 4
72 90 97 36 15 42 193 111 39 22 89 147 15 32 64 105 59 139 178 179 38 64
25 134 70 36 102 85 153 157 108 178 72 87 95 35 11 60 1 184 9 162 166 165 94
165 130 77 95 89 153 70 165 3 130 87 52 11 123 191 155 96 131 10 24 91 134 146 51
112 181 92 18 133 166 148 187 77 145 164 188 111 38 126 36 161 10 67 115 96 102 87 76 85
67 179 24 56 184 119 3 193 119 107 138 81 4 190 55 146 179 7 41 100 37 40 128 46 200 143
171 106 193 124 127 55 133 36 152 11 120 130 190 68 4 48 52 123 53 89 35 53 179 27 4 141 42
180 81 198 160 66 69 198 40 89 102 62 44 91 65 35 104 174 112 126 61 147 11 96 18 69 62 65 88
146 32 141 104 75 195 143 197 56 192 145 118 186 162 120 133 21 33 105 124 43 153 191 160 3 195 156 114 64
72 39 123 86 5 66 176 135 34 124 5 118 136 139 189 126 70 124 197 40 181 97 118 64 88 65 140 175 116 9
163 171 56 190 9 133 33 175 132 124 38 25 68 97 44 17 15 110 105 68 113 127 6 69 95 133 34 179 106 11 124
17 119 133 141 179 164 129 129 15 44 2 101 164 118 33 145 142 32 102 153 194 167 122 186 39 80 45 109 91 136 32 57
142 36 104 189 47 100 74 9 33 163 166 23 36 53 95 182 196 185 187 142 36 160 70 127 137 193 128 152 75 67 187 23 163
55 189 99 200 144 146 176 60 107 188 11 168 23 2 81 99 111 149 198 16 49 152 55 83 183 68 18 45 22 40 28 71 115 177
108 193 189 144 92 91 103 119 11 133 58 190 179 177 195 54 104 197 159 40 39 17 188 36 42 193 191 110 51 48 9 173 100 150 166
75 108 197 54 194 22 71 70 12 63 10 132 23 99 151 147 130 161 93 94 20 43 116 32 115 102 41 92 134 188 108 167 119 161 145 140
100 48 65 138 63 16 69 171 64 97 137 162 63 41 145 99 52 17 93 36 199 18 56 110 39 85 17 6 25 83 68 128 119 152 129 84 157
87 18 72 11 113 125 154 12 119 88 95 74 186 24 196 117 40 152 198 195 140 171 46 85 46 110 149 42 113 10 145 198 52 171 93 24 89 121
49 183 163 114 141 145 40 97 30 128 89 141 185 169 25 52 47 66 36 130 117 168 33 130 164 5 154 50 100 135 190 78 200 143 117 47 171 84 172
50 187 145 110 169 100 178 186 39 96 28 9 78 184 29 144 64 65 91 185 182 94 134 108 11 9 190 58 163 73 30 125 162 105 152 26 22 141 137 54
82 185 83 75 90 121 86 107 165 130 186 198 2 107 44 172 127 134 67 168 93 164 181 183 139 86 20 25 162 40 50 195 130 92 161 149 61 190 120 82 85
139 141 192 157 169 179 50 70 63 49 116 164 115 28 57 80 75 128 74 23 90 42 101 32 86 6 49 178 117 195 154 105 16 123 102 86 40 93 8 171 167 157
90 108 4 46 43 15 27 191 81 78 7 120 133 32 5 79 81 162 108 140 56 34 13 62 43 34 136 186 78 27 107 19 146 158 193 181 95 16 139 49 150 13 70
55 123 50 85 192 117 185 138 63 14 179 23 127 188 21 6 89 21 76 117 190 40 47 150 68 184 41 90 160 104 91 30 133 44 107 79 189 43 90 183 127 179 40 129
139 87 127 198 30 36 173 140 125 86 155 166 104 168 90 119 88 45 196 105 163 83 54 116 45 112 117 200 6 135 29 91 94 140 176 185 94 134 149 56 113 140 38 29 188
196 179 177 76 94 89 85 137 68 197 86 166 55 162 63 21 13 152 81 151 143 81 185 131 24 111 124 14 84 72 55 126 27 167 173 73 196 50 175 93 6 164 22 4 7 54
51 11 7 89 177 47 46 85 88 90 38 44 88 195 127 119 87 113 33 154 172 77 78 111 180 139 162 68 117 65 11 57 124 97 7 13 52 36 44 139 24 109 103 168 71 89 60
181 29 91 153 182 123 54 58 27 150 156 192 138 82 160 127 8 49 168 143 188 104 150 16 102 88 156 152 190 38 116 38 74 33 131 101 24 194 160 50 85 26 165 104 193 198 102 161
96 13 23 34 162 36 193 109 178 133 108 157 89 63 87 159 140 7 182 52 190 64 154 122 120 132 75 14 146 173 13 178 102 99 1 151 70 154 3 25 74 128 91 93 170 83 114 121 141
189 75 15 58 137 162 111 70 111 109 19 44 161 113 173 45 41 125 126 182 152 41 95 191 156 62 43 37 155 3 83 170 120 1 172 87 45 147 170 80 94 47 28 136 99 55 22 53 135 50
154 44 139 24 188 15 106 21 60 20 102 46 55 53 172 68 65 121 109 44 97 69 177 79 23 43 158 197 3 78 20 55 195 93 115 14 43 46 191 1 120 133 80 111 44 7 56 118 98 112 194
123 16 82 116 180 106 177 136 183 4 52 31 92 100 27 166 200 9 34 196 15 20 20 71 136 82 67 24 85 193 22 157 181 71 126 191 200 157 171 158 98 92 76 70 190 41 116 67 64 123 199 26
166 105 111 143 133 68 141 27 89 23 75 124 102 81 86 153 47 172 133 119 67 125 196 118 56 11 107 59 194 53 102 3 179 35 184 15 109 165 124 88 10 107 156 147 3 115 48 200 23 7 196 70 109
111 34 44 77 195 128 14 181 200 54 189 156 157 47 172 87 16 195 172 71 175 83 34 89 117 65 94 25 107 186 158 103 4 3 72 94 24 181 171 138 66 179 197 105 92 122 82 37 32 164 16 91 168 7
14 112 161 88 53 173 87 117 103 74 81 80 2 180 50 169 40 50 17 21 179 175 75 121 2 115 55 110 154 66 26 6 146 86 19 144 13 33 66 12 44 187 127 128 66 81 125 10 125 31 33 70 135 32 58
138 23 50 116 122 102 90 151 61 171 17 160 32 1 86 61 84 84 9 136 24 138 60 75 24 119 84 120 180 186 184 147 99 57 89 157 132 29 152 179 87 96 108 132 146 35 200 81 193 125 51 141 30 152 53 27
196 12 194 45 153 40 128 122 160 118 71 47 54 28 154 17 183 138 66 33 162 176 122 68 110 88 147 16 85 115 34 57 45 170 67 66 5 149 48 60 42 15 178 196 37 129 4 120 111 11 14 31 10 142 118 176 141
38 147 11 136 131 166 172 102 90 20 129 27 10 177 108 104 166 60 106 1 169 123 168 170 118 17 139 189 189 161 133 165 54 58 71 182 189 175 153 34 63 93 120 185 143 85 16 116 198 64 128 11 98 4 6 133 99 109
47 4 103 142 57 59 59 94 88 72 37 12 64 35 7 106 34 5 176 129 192 169 141 20 83 189 93 172 54 199 58 40 7 17 9 150 156 123 174 107 25 11 143 91 168 174 100 199 11 14 93 169 174 102 126 192 131 148 131
51 115 125 105 68 189 3 117 87 65 52 24 123 77 96 51 133 163 91 190 125 57 161 26 78 37 85 175 151 185 180 178 142 155 184 159 92 78 173 194 51 152 138 12 168 28 157 128 36 128 149 118 131 77 130 118 136 197 176 34
132 95 59 148 144 166 56 5 76 155 170 4 107 124 120 50 131 188 13 6 51 19 44 125 155 28 57 191 75 4 116 132 25 90 136 12 175 6 152 131 109 76 62 71 121 138 1 194 34 195 169 91 122 127 64 149 130 144 194 103 171
48 17 120 149 58 57 5 160 19 20 21 106 28 91 52 60 147 118 114 37 13 25 18 147 113 183 69 14 111 141 139 161 193 189 54 124 102 79 52 152 51 192 131 63 182 70 197 200 184 164 59 59 30 136 1 34 97 72 154 29 138 61
162 175 55 118 57 129 137 10 157 87 178 1 193 150 104 56 135 153 154 73 129 6 65 34 136 193 25 58 5 2 97 11 65 143 124 159 32 148 39 150 190 175 62 101 84 122 80 67 64 155 142 200 12 90 115 188 106 169 138 185 110 139 61
29 46 58 116 120 191 64 109 153 168 125 129 100 161 46 138 169 44 16 21 170 164 116 176 192 174 132 46 69 176 143 100 42 62 144 22 169 78 56 136 82 171 130 82 137 34 178 122 66 169 3 159 9 91 165 6 133 9 19 137 196 43 68 184
194 160 158 168 106 72 62 19 163 48 3 171 115 24 92 14 1 140 175 157 200 70 181 94 29 188 15 190 134 18 79 151 7 99 127 73 119 123 82 96 45 104 196 187 45 168 71 88 140 200 125 41 153 160 200 130 11 166 159 19 32 136 34 177 131
63 133 194 11 162 8 133 131 180 76 121 108 72 9 148 20 84 138 129 182 146 143 196 165 101 53 2 194 109 1 106 108 159 178 15 141 118 183 29 129 164 110 60 114 105 141 3 39 111 30 176 64 96 184 29 47 189 47 22 112 93 33 170 9 103 68
34 27 93 50 63 55 128 24 120 171 37 194 73 26 130 180 12 40 72 93 93 76 1 42 43 7 162 55 27 102 30 27 137 149 89 192 25 87 9 105 103 88 74 108 183 78 171 119 70 112 134 159 6 49 64 25 82 69 158 53 152 5 127 35 38 18 24
61 131 124 199 194 87 55 148 105 157 185 65 167 117 54 40 147 22 43 40 20 47 120 90 144 158 193 46 177 49 198 156 135 146 81 44 56 147 78 80 198 22 107 88 26 9 190 164 176 39 48 111 50 154 180 177 30 156 95 166 185 97 129 104 160 111 29 73
136 35 35 192 72 154 86 134 15 112 159 182 173 139 107 29 89 133 56 157 89 118 49 188 36 75 173 109 50 126 88 150 134 140 49 117 196 98 198 2 112 49 21 53 168 161 168 37 172 199 189 116 196 152 128 109 173 162 167 80 160 160 75 195 160 68 194 136 58
120 168 160 62 195 19 158 19 35 182 152 137 189 53 196 108 18 49 177 182 39 183 181 188 163 192 103 137 57 48 101 25 27 142 4 74 33 98 90 129 166 86 121 51 42 128 146 53 9 141 122 197 53 140 164 10 116 195 175 81 22 190 141 199 173 51 48 31 90 3
199 31 34 121 94 163 192 99 138 81 51 6 152 126 29 189 134 133 49 183 187 110 135 134 24 134 131 2 66 82 195 26 65 83 77 12 125 170 19 147 122 164 196 9 67 159 34 160 88 124 71 45 3 113 43 14 94 152 114 59 11 169 94 55 19 150 118 156 182 17 150
150 137 18 149 44 173 127 114 197 16 157 141 85 65 153 189 76 134 8 101 188 10 198 156 114 2 48 173 32 127 141 73 93 131 83 146 200 188 128 111 137 180 12 120 169 90 25 27 127 88 175 18 82 190 186 183 146 143 79 192 141 125 166 143 153 186 165 135 116 169 140 166
187 109 16 195 71 138 13 196 175 54 13 98 161 193 112 21 32 176 165 190 159 102 153 71 145 139 144 125 52 186 132 150 162 6 82 76 38 149 196 115 200 90 44 65 133 112 185 144 105 101 96 141 72 118 95 199 139 69 89 68 100 139 81 45 13 19 166 110 83 100 65 187 200
164 120 168 84 102 145 36 16 169 45 89 4 115 170 22 169 22 19 14 19 116 28 32 111 90 173 146 63 42 82 169 80 141 126 131 49 59 23 69 5 7 171 70 124 80 111 120 171 196 7 157 74 135 30 9 119 95 132 137 53 135 199 7 47 160 197 17 5 192 164 186 158 139 93
91 191 21 192 43 25 152 87 18 197 136 138 177 161 47 173 153 192 191 47 165 58 151 188 147 127 148 104 7 164 103 64 155 69 135 12 153 110 176 13 189 123 62 19 17 157 121 100 163 171 87 180 22 190 98 169 57 61 57 163 2 17 82 86 178 47 133 9 159 25 28 57 32 185 128
192 152 127 192 189 170 122 197 95 90 58 5 71 60 28 94 54 21 66 83 61 45 145 61 99 105 7 98 47 115 60 40 124 134 90 73 105 176 154 32 118 26 110 181 176 170 166 123 190 95 185 72 178 98 37 199 200 68 142 173 95 174 187 42 178 66 63 92 154 79 3 102 145 1 111 31
80 76 102 175 103 25 139 158 104 137 62 86 109 132 196 46 75 29 117 76 57 186 66 98 20 156 197 161 56 107 1 54 103 77 46 157 118 176 195 197 142 56 9 24 22 177 51 29 76 49 129 170 142 118 134 99 7 195 57 192 169 56 27 88 78 101 166 143 171 122 137 162 84 80 113 46 150
167 39 79 77 34 32 93 135 33 98 8 54 112 51 2 133 44 8 136 182 179 155 23 91 54 131 56 150 118 96 177 103 76 188 90 72 157 26 155 117 58 57 112 186 99 153 174 64 188 148 134 89 79 6 151 102 74 99 128 79 88 61 85 130 68 142 184 124 65 128 36 93 98 60 184 162 28 174
159 96 163 126 70 44 170 33 25 176 70 26 39 148 77 139 126 64 13 2 59 108 177 185 22 191 128 89 72 115 176 136 102 131 22 16 33 134 28 182 117 141 23 192 3 28 9 81 20 71 130 102 166 54 59 170 132 3 96 119 191 172 69 4 119 103 91 171 162 185 10 60 54 62 52 56 157 72 93
195 13 149 162 65 111 174 112 108 88 123 106 108 129 180 3 175 65 29 82 38 61 92 16 102 121 155 47 59 108 126 7 186 5 70 159 69 36 106 56 61 28 54 130 83 57 194 85 171 155 24 183 114 11 154 8 9 181 7 69 181 191 70 63 134 122 143 128 77 90 173 112 96 44 110 37 23 193 64 51
175 66 88 89 110 134 196 52 200 57 103 37 130 200 32 34 162 62 70 161 154 102 97 171 181 55 184 87 19 77 25 75 53 74 198 195 107 55 110 124 173 101 199 123 83 48 51 47 43 111 74 147 102 163 106 164 82 165 141 179 32 159 57 42 110 155 126 174 38 175 71 91 133 160 126 9 108 168 66 118 200
20 156 53 154 160 32 172 35 54 50 111 53 85 151 132 14 117 22 134 116 121 74 132 92 49 68 197 55 13 162 12 130 85 120 67 8 24 141 62 120 129 95 84 166 5 91 96 172 19 101 29 22 107 64 116 192 2 62 77 136 45 18 12 171 144 92 16 178 31 75 174 38 81 76 199 137 99 113 133 60 7 2
5 78 111 196 15 78 81 120 140 190 104 111 110 104 71 53 15 58 184 141 11 161 82 164 163 183 92 47 12 100 14 86 146 42 21 191 138 91 149 44 105 128 137 1 194 180 152 158 153 176 10 9 3 8 102 189 101 106 146 115 62 144 167 61 194 96 66 54 75 180 8 130 7 46 56 76 23 140 103 186 9 137 187
40 15 107 67 194 95 89 141 70 140 47 36 103 89 192 99 18 175 164 4 47 130 154 40 119 198 145 151 57 50 199 44 84 153 27 143 64 72 168 33 154 26 58 198 176 51 183 125 179 152 32 133 89 154 39 151 91 16 194 123 29 5 57 38 71 63 171 130 48 10 109 110 88 186 56 180 78 101 179 94 139 83 31 149
4 157 189 177 140 25 179 119 153 95 118 125 39 112 191 55 84 9 136 35 92 63 131 118 200 110 41 30 16 25 69 80 40 87 150 133 82 66 193 20 27 199 139 191 181 75 63 196 132 170 162 126 153 38 64 57 143 121 138 60 38 57 166 97 150 29 9 98 60 26 15 179 98 146 62 145 21 54 8 48 26 30 48 50 102
22 104 113 160 57 119 180 180 67 145 55 194 23 125 85 19 23 26 96 126 144 193 83 145 173 179 157 11 34 173 161 173 109 100 155 158 90 1 121 196 94 53 179 51 85 154 67 58 12 60 165 33 24 23 70 118 78 112 101 6 93 35 62 121 16 145 119 168 77 131 74 141 165 14 125 103 196 148 61 200 114 27 44 151 55 30
7 37 41 77 16 153 177 184 78 136 24 16 79 177 149 8 117 64 57 63 123 84 42 106 36 119 109 176 176 63 139 58 182 180 37 63 167 143 31 194 29 21 117 59 106 169 7 31 80 81 153 55 178 38 200 161 184 23 185 139 122 90 184 131 175 8 32 101 57 176 183 63 177 134 8 5 26 150 67 103 19 197 186 178 43 79 93
52 101 141 151 123 122 142 135 119 44 18 42 174 174 86 199 191 122 10 55 4 79 19 153 146 48 178 75 150 170 147 23 6 33 34 118 75 179 116 161 173 143 107 94 34 167 141 45 67 164 116 26 123 176 82 130 152 30 79 108 175 168 37 144 143 76 177 120 146 95 7 35 146 166 199 107 181 115 170 15 172 51 53 196 60 13 101 168
197 176 4 184 167 108 81 37 81 188 70 15 183 32 85 189 195 64 24 15 117 126 184 174 84 56 11 110 42 108 177 49 102 125 104 7 51 69 2 92 175 56 113 6 47 8 6 158 17 78 175 102 48 72 16 193 51 10 111 198 107 112 9 4 193 103 90 34 79 100 107 112 167 152 100 105 147 33 145 109 167 162 46 128 173 190 122 182 31
82 149 189 21 152 109 130 132 65 134 114 140 142 127 21 126 81 59 173 21 186 14 80 159 69 130 122 131 70 188 66 69 23 153 92 155 1 1 170 159 112 10 14 43 114 13 196 195 184 180 141 76 156 142 92 149 71 187 159 116 173 44 199 145 5 167 162 163 169 68 29 77 128 59 158 159 30 171 149 151 125 12 169 181 76 51 170 31 154 74
13 39 33 162 122 121 78 199 159 110 56 167 190 125 92 91 11 84 124 109 169 42 181 67 25 97 68 130 69 146 87 82 133 176 13 76 114 163 124 167 159 186 90 13 39 142 2 61 11 83 132 106 58 150 107 127 137 121 189 13 73 141 143 14 193 78 185 165 100 72 122 46 29 171 11 117 162 35 41 51 70 59 100 2 108 139 115 102 12 61 185
106 68 113 84 6 144 13 77 28 174 199 79 104 171 175 30 158 74 32 9 172 180 124 116 5 194 55 141 27 69 199 71 92 24 1 83 79 89 135 115 27 135 104 149 162 69 38 77 3 105 26 7 159 195 2 181 99 142 98 81 16 98 140 115 128 69 192 81 172 191 72 86 187 75 162 54 49 116 176 168 95 87 116 151 190 42 19 106 111 156 192 154
53 57 154 35 165 37 37 84 166 84 82 129 198 94 26 11 116 1 104 166 70 164 145 200 200 137 139 118 152 141 27 181 9 132 155 194 102 44 76 132 12 171 87 109 81 127 14 164 127 144 98 87 168 48 13 124 88 103 179 83 200 65 200 145 132 195 100 11 188 154 184 172 167 136 195 49 44 186 42 92 139 128 22 196 28 169 174 3 105 87 145 135 152
55 116 35 147 33 55 166 90 99 133 140 98 21 39 34 53 146 88 139 24 19 183 49 20 90 46 163 115 31 24 45 153 85 20 44 100 72 10 173 37 104 20 116 123 49 200 80 156 35 47 96 121 78 111 26 5 119 174 49 130 121 58 41 155 130 107 194 170 164 55 89 75 19 9 158 62 151 88 153 119 71 36 176 148 192 127 118 171 187 45 105 67 68 158
85 164 118 183 133 26 99 70 59 184 192 97 168 5 19 181 105 187 89 36 62 77 123 41 13 64 13 7 121 162 36 82 126 174 141 15 69 150 55 136 55 54 198 143 185 117 39 104 158 149 15 200 112 74 152 162 61 118 42 116 73 17 96 113 161 104 80 20 49 152 163 200 64 192 45 176 66 58 100 138 178 36 110 96 188 123 197 148 50 142 32 59 108 152 67
33 43 63 32 117 36 79 16 58 103 132 97 98 194 116 200 8 181 53 149 9 31 156 151 175 128 36 183 97 178 22 80 194 144 19 34 36 61 160 32 128 109 40 199 132 64 124 32 83 28 185 177 29 163 119 76 72 96 116 10 76 32 57 151 15 6 95 192 195 114 34 16 144 138 172 125 194 161 139 13 75 92 33 129 66 115 164 56 147 37 66 85 147 81 102 179
31 169 109 158 131 58 195 164 86 143 76 44 14 28 97 49 105 46 111 136 65 96 103 97 187 5 72 197 159 192 89 118 156 15 62 106 20 58 179 59 96 179 59 200 159 156 192 181 112 115 198 90 120 129 43 18 38 70 2 172 109 67 57 192 185 71 42 139 199 27 112 15 112 111 149 188 153 52 9 58 190 46 175 25 75 196 98 184 125 63 91 182 31 17 106 174 33
55 174 187 72 10 69 62 180 39 155 13 72 88 53 65 129 54 153 13 127 173 82 15 101 41 6 151 192 42 58 91 175 70 70 39 138 129 98 64 3 7 31 80 121 9 26 171 155 28 65 121 111 195 188 119 106 144 144 77 148 62 23 52 111 134 95 104 28 34 154 112 109 161 125 165 135 186 54 95 121 178 38 41 51 37 15 182 31 26 160 91 81 22 167 81 11 32 68
115 171 121 17 72 40 150 95 16 56 110 12 179 139 93 108 156 114 3 183 135 181 187 131 197 160 166 151 121 159 109 33 5 89 154 144 143 3 43 53 107 177 161 171 162 20 26 47 16 11 197 182 38 107 164 21 10 25 133 154 163 6 73 119 39 172 92 147 56 43 146 24 63 96 113 19 89 1 59 102 197 56 159 139 134 134 38 147 39 91 21 22 63 92 30 125 82 176 9
46 53 175 172 127 75 185 18 171 158 103 149 136 153 29 10 27 125 200 49 66 25 147 37 21 184 172 39 83 161 71 196 146 143 141 170 173 38 143 186 81 2 121 115 155 59 77 196 133 126 20 168 41 50 165 133 20 84 148 62 80 155 154 136 179 29 148 156 159 188 36 122 36 152 126 145 193 96 168 87 147 15 125 153 95 125 54 123 122 73 143 120 91 164 68 81 6 178 98 141
mr 147 179 87
mr 128 188 -17
qts
mr 30 6 19
mr 165 198 -132
qv 46 120
ap 95 DPO-bot-95 61
qv 45 156
qv 121 6
mr 188 118 -168
mr 121 140 27
qbs
qv 159 144
ar 125 162 189
ap 102 DPO-bot-102 86
qv 128 159
ap 103 DPO-bot-103 168
qci 158 106
qv 184 55
qbs
ap 10 DPO-bot-10 103
ap 104 DPO-bot-104 188
ap 105 DPO-bot-105 175
mr 157 203 -115
qbs
ar 174 193 155
qts
ar 116 106 51
qv 113 119
qv 50 126
qv 185 19
qbs
ar 177 162 10
ap 106 DPO-bot-106 76
mr 9 148 -33
ar 126 160 193
ar 172 160 76
ap 107 DPO-bot-107 139
mr 52 176 -127
ar 149 149 180
mr 129 169 146
qbs
qbs
mr 154 146 69
ar 198 204 113
ar 52 142 28
ap 65 DPO-bot-65 103
mr 179 203 -189
qci 136 117
qv 120 156
ar 144 175 63
mr 173 119 17
qci 117 165
qv 116 145
mr 125 204 -49
mr 73 129 -64
mr 123 171 -8
ar 109 121 74
qci 112 212
qbs
qbs
mr 116 185 115
ap 24 DPO-bot-24 34
qv 88 149
mr 56 205 102
mr 145 117 -43
mr 164 156 24
ap 64 DPO-bot-64 97
ap 108 DPO-bot-108 19
mr 113 134 -165
ar 200 121 15
qci 156 194
mr 146 110 -40
ar 118 186 41
qbs
mr 216 131 17
qbs
qbs
mr 122 169 -78
mr 133 123 -6
ar 197 127 94
ar 128 18 103
mr 151 138 174
ar 1 111 51
qci 162 162
qbs
mr 143 190 -89
qv 155 201
ar 186 157 185
mr 198 209 -7
mr 137 164 -102
ar 148 137 82
mr 149 143 121
ap 109 DPO-bot-109 166
qv 124 153
ap 110 DPO-bot-110 75
qv 162 143
qv 183 155
mr 150 141 -73
mr 132 201 58
mr 145 132 -175
ar 163 196 136
mr 163 209 11
ar 157 54 54
qbs
qci 166 129
mr 166 179 52
qbs
mr 179 184 -54
ap 111 DPO-bot-111 99
qbs
mr 10 186 -200
mr 140 213 42
mr 148 177 159
mr 157 183 101
mr 199 167 -160
mr 133 51 57
qv 215 191
mr 126 153 -166
qv 112 146
qbs
mr 147 214 31
ap 51 DPO-bot-51 186
mr 222 57 84
qbs
ar 132 140 5
qci 114 114
ar 204 145 176
mr 180 141 -44
qbs
ap 51 DPO-bot-51 186
mr 138 116 86
mr 222 211 134
mr 128 163 -117
qci 148 133
qbs
ar 211 172 19
mr 199 116 -189
ar 141 125 182
ar 150 217 68
ar 199 173 169
qbs
mr 155 168 -60
mr 214 194 -65
ar 143 134 120
qci 186 211
qci 194 144
ap 112 DPO-bot-112 104
mr 151 215 165
mr 220 89 156
qbs
mr 105 120 152
qbs
ar 154 2 117
mr 142 127 27
ar 139 46 107
mr 121 181 78
mr 204 120 151
ar 164 220 100
qbs
mr 115 193 56
mr 4 149 110
ar 152 188 44
qci 121 113
mr 70 165 58
ar 82 117 8
ar 131 148 81
mr 195 65 159
mr 203 133 193
qci 67 221
mr 123 200 -134
ap 18 DPO-bot-18 169
qbs
mr 172 144 -179
mr 139 187 -3
mr 223 22 -51
mr 126 216 -100
qbs
mr 176 203 101
mr 145 160 171
ap 113 DPO-bot-113 89
ar 193 225 37
mr 13 195 -197
ar 204 212 87
ap 114 DPO-bot-114 56
ar 115 205 128
qv 154 213
mr 182 220 125
mr 8 169 184
mr 159 193 -158
ar 220 221 28
qts
ar 133 12 182
ap 23 DPO-bot-23 131
mr 116 169 139
mr 209 180 -15
mr 122 155 -173
mr 133 168 19
mr 71 187 -192
qci 124 168
qbs
mr 164 199 -47
ar 177 132 187
qci 197 124
mr 61 203 -169
qbs
ar 190 94 5
ar 136 131 180
mr 160 48 -178
ar 135 116 74
ar 158 162 159
qv 149 187
ar 146 213 160
qv 145 220
ar 204 132 123
mr 220 170 188
qbs
ap 115 DPO-bot-115 121
mr 211 209 -57
qbs
ar 203 140 171
ap 116 DPO-bot-116 42
mr 115 133 177
qv 168 137
mr 207 133 -56
ap 117 DPO-bot-117 1
qbs
ar 154 232 148
qci 217 212
mr 145 211 170
mr 210 178 -150
qbs
ar 147 32 190
ar 167 214 144
mr 133 153 126
qv 203 232
qv 206 212
mr 201 74 -123
mr 206 185 97
qci 148 218
mr 167 233 28
qbs
qci 211 174
qbs
mr 228 137 -40
ap 118 DPO-bot-118 98
ar 236 106 137
qbs
mr 140 126 -95
ar 48 177 70
mr 120 203 -62
qv 148 157
qci 64 236
mr 162 127 134
mr 165 192 87
qci 199 175
qci 145 139
mr 155 205 44
mr 26 163 -44
mr 192 195 -150
qv 10 157
ar 81 221 3
qci 213 222
mr 138 196 117
ar 170 228 33
mr 190 185 -108
qci 188 151
ar 120 138 103
qci 197 141
qci 224 178
ar 123 218 117
mr 218 159 -61
qbs
mr 127 158 101
mr 176 157 153
mr 154 154 119
ar 224 227 18
mr 129 190 -110
mr 53 198 -71
qts
mr 156 189 172
mr 131 153 148
mr 234 145 5
qci 205 199
ap 119 DPO-bot-119 138
mr 17 203 93
ap 85 DPO-bot-85 28
mr 178 168 2
qci 205 204
mr 226 181 -199
ar 162 216 29
mr 148 230 149
qv 212 208
qv 225 190
mr 176 231 24
mr 216 208 47
ar 144 144 2
qv 222 189
qbs
ap 82 DPO-bot-82 144
ar 140 177 193
qbs
mr 188 180 -80
ar 176 214 120
mr 76 121 1
mr 130 146 -100
qbs
ar 17 214 88
mr 121 235 89
mr 138 184 89
mr 138 151 159
mr 143 193 -84
ar 46 128 189
qbs
mr 208 192 -41
mr 158 102 -18
qci 134 121
qbs
qbs
mr 125 126 131
qci 162 133
ar 154 148 42
ap 44 DPO-bot-44 50
ap 67 DPO-bot-67 165
mr 181 4 -7
mr 208 232 -168
qbs
qbs
qbs
qv 190 233
mr 133 218 -105
qv 206 198
mr 8 236 140
mr 237 206 141
ar 198 202 197
qci 15 121
qci 136 155
qci 160 136
mr 210 157 -188
ar 142 207 117
ar 136 213 170
qv 152 172
ar 182 127 180
ap 73 DPO-bot-73 161
mr 167 188 109
qbs
mr 174 6 -49
qbs
qbs
ar 201 230 166
mr 200 176 -138
ap 120 DPO-bot-120 60
qci 195 199
ar 171 169 173
mr 205 132 167
qv 125 58
qbs
qbs
mr 221 144 -44
qbs
mr 190 157 -94
mr 239 151 157
ar 163 132 147
qv 236 208
mr 145 195 60
ar 147 160 115
mr 221 151 -168
qbs
mr 182 215 -111
qts
ar 233 157 10
ar 155 227 56
mr 146 164 -98
mr 235 124 -50
mr 122 35 169
mr 196 99 197
mr 132 13 189
qv 134 167
ar 167 209 176
ar 223 152 29
qci 139 160
qv 221 123
qv 206 172
ar 125 217 73
ar 131 233 19
qbs
mr 125 48 79
mr 42 178 56
ar 223 165 81
qv 165 161
mr 137 185 39
mr 126 183 18
ap 116 DPO-bot-116 42
mr 86 180 174
mr 196 178 -101
mr 159 155 63
mr 217 237 55
mr 190 224 -33
mr 162 198 72
ap 66 DPO-bot-66 66
mr 176 194 -144
mr 105 171 61
qbs
qv 101 147
mr 174 229 78
qv 240 204
qts
mr 155 240 143
qci 142 225
ap 121 DPO-bot-121 34
qv 189 178
mr 148 189 149
mr 140 219 117
mr 196 153 177
ap 122 DPO-bot-122 1
mr 182 206 -198
ar 195 243 118
mr 105 215 7
mr 78 236 182
mr 205 169 -123
mr 222 202 95
ap 123 DPO-bot-123 73
ar 142 145 176
qci 179 217
ar 162 162 117
mr 180 176 135
mr 203 198 107
qbs
qbs
ap 106 DPO-bot-106 76
ar 219 237 118
ap 124 DPO-bot-124 168
qci 178 126
ap 125 DPO-bot-125 140
mr 159 156 181
qci 195 227
qbs
mr 143 226 -135
mr 239 228 185
mr 214 208 -177
ar 228 136 15
qbs
mr 16 131 -170
mr 161 71 -72
mr 147 155 -79
ar 150 6 112
qbs
mr 221 163 -100
mr 242 221 -87
mr 195 242 -101
ap 126 DPO-bot-126 13
ap 127 DPO-bot-127 165
ar 167 215 34
qci 105 168
mr 205 159 44
ar 204 146 34
mr 164 220 -160
mr 220 159 -174
qci 63 21
qbs
ar 155 202 12
mr 227 229 -156
mr 142 136 135
ar 229 74 147
mr 107 211 1
qci 212 199
qbs
mr 235 166 -134
qbs
ar 162 218 44
qci 154 223
mr 222 200 90
ap 128 DPO-bot-128 16
qts
ar 205 230 32
qbs
ar 218 214 124
qci 226 245
mr 233 178 68
mr 145 178 -144
qv 236 222
mr 235 180 44
mr 141 187 158
mr 218 140 -126
mr 197 137 91
qv 155 170
mr 196 192 -104
qci 159 194
mr 3 253 187
qv 240 186
ar 215 238 196
qv 207 141
mr 193 146 -39
qv 174 215
mr 238 136 -82
ar 166 153 84
ar 250 196 26
mr 141 250 22
mr 246 244 -44
ar 133 242 36
ar 177 170 7
mr 201 135 0
mr 223 210 -78
mr 254 170 152
ar 159 92 152
ar 158 210 156
mr 202 212 114
mr 204 252 191
ar 208 3 193
qv 219 249
mr 201 213 159
mr 209 165 -74
ar 254 201 199
qci 148 169
mr 223 162 127
qv 244 242
ar 193 193 76
mr 227 199 95
ar 174 239 48
ap 11 DPO-bot-11 130
ar 156 233 168
mr 212 255 92
mr 184 139 57
mr 216 140 -20
qci 243 227
qci 129 177
mr 189 9 -107
mr 229 245 26
qci 64 142
qci 231 254
qbs
mr 222 147 24
mr 156 242 190
ar 153 175 156
ar 185 149 195
mr 151 249 -71
mr 130 240 -138
mr 238 27 15
ap 81 DPO-bot-81 88
qv 21 153
ar 159 139 94
mr 205 206 74
qbs
mr 250 173 -60
qci 197 192
mr 223 186 -39
qbs
ar 180 149 164
ar 138 171 2
qci 224 129
qbs
qci 176 132
mr 203 210 -143
mr 163 216 -11
ap 129 DPO-bot-129 122
ar 190 60 131
mr 176 134 -166
mr 201 193 -154
mr 211 201 -106
mr 234 162 -98
mr 241 186 -21
mr 194 220 -195
mr 251 226 188
qv 256 138
ap 19 DPO-bot-19 198
qv 197 131
ap 130 DPO-bot-130 39
mr 131 116 43
mr 174 133 -195
ap 131 DPO-bot-131 95
qv 174 208
mr 185 221 56
qv 183 152
qbs
qbs
ap 132 DPO-bot-132 84
qci 146 150
qts
qci 252 211
ar 264 157 167
qbs
mr 5 247 -3
qci 166 224
mr 157 243 146
qci 143 47
qv 178 140
mr 151 151 138
mr 252 144 -195
ar 35 199 66
mr 181 194 -87
qci 165 251
ar 261 262 40
qci 157 71
qv 29 212
mr 178 224 -120
mr 143 252 -54
qts
qbs
mr 206 81 -159
ar 137 170 92
qv 201 215
mr 263 119 -26
mr 174 230 93
qci 179 240
mr 145 161 -27
qbs
mr 222 219 152
ar 138 49 151
ar 233 178 21
mr 137 237 -196
mr 249 210 182
ar 162 193 71
mr 166 162 114
mr 51 166 -41
qci 159 262
qv 176 207
mr 191 165 -11
ap 69 DPO-bot-69 9
qci 158 177
qbs
ap 133 DPO-bot-133 14
mr 186 248 -40
ar 178 251 149
mr 176 151 126
qv 221 235
qbs
mr 212 168 -136
mr 228 173 149
qbs
ar 212 165 181
qbs
qbs
mr 162 213 93
mr 175 199 -26
ar 236 265 135
mr 220 221 -70
mr 213 176 -178
ar 150 158 128
ar 54 201 129
ar 184 260 113
qv 188 228
mr 187 160 180
mr 242 231 130
qci 210 204
mr 184 241 -112
mr 6 166 70
mr 207 54 -113
mr 205 205 -66
mr 133 139 -79
ap 134 DPO-bot-134 138
qci 141 170
mr 180 166 -127
mr 31 152 122
qbs
qbs
qts
mr 160 229 83
qbs
mr 163 159 -75
ar 213 115 162
ar 232 27 74
qv 258 186
mr 196 158 111
ap 135 DPO-bot-135 137
mr 157 233 -75
qci 196 139
mr 162 44 62
qci 164 166
qbs
qbs
qci 174 193
ap 131 DPO-bot-131 95
ap 4 DPO-bot-4 115
qci 45 178
qts
qv 263 139
ar 155 244 158
qbs
mr 264 267 -166
mr 267 170 -10
mr 180 202 -87
mr 170 270 -51
ap 136 DPO-bot-136 182
ar 181 224 165
qbs
mr 137 233 169
mr 228 150 -97
qv 237 160
ap 137 DPO-bot-137 140
mr 264 109 195
mr 92 140 58
mr 271 217 173
qv 221 236
mr 210 158 -17
mr 269 215 -84
ar 178 257 100
qts
ap 14 DPO-bot-14 43
mr 149 230 -151
mr 211 150 -144
mr 208 148 -96
ar 7 139 52
ar 144 180 186
qv 270 248
qv 160 169
ap 96 DPO-bot-96 32
ar 146 193 184
mr 267 255 -60
qts
qci 194 55
mr 212 12 2
ap 41 DPO-bot-41 93
qv 207 256
mr 189 55 -123
ar 155 208 154
qv 172 150
mr 150 253 -192
ar 201 231 72
mr 229 195 88
mr 178 273 -161
qci 264 42
mr 268 263 -100
ar 160 142 166
ar 210 184 154
mr 237 171 197
qci 164 157
mr 195 139 155
mr 233 211 -29
qci 149 240
qv 250 148
ap 65 DPO-bot-65 103
ar 229 154 187
qci 216 252
qv 225 162
mr 262 144 -108
qv 243 252
ap 136 DPO-bot-136 182
ap 113 DPO-bot-113 89
ar 250 148 135
qbs
ar 249 198 28
qbs
ar 265 188 145
qv 166 254
ar 248 69 166
mr 176 187 132
ap 125 DPO-bot-125 140
ar 264 152 86
qbs
qv 200 193
ar 155 254 95
qv 254 152
ap 138 DPO-bot-138 54
mr 228 275 198
ap 131 DPO-bot-131 95
mr 149 214 -60
ar 227 198 171
ar 214 243 77
mr 247 142 51
ar 194 158 157
ap 139 DPO-bot-139 132
ap 140 DPO-bot-140 15
mr 202 150 112
mr 157 200 140
mr 110 132 -46
qbs
qci 145 190
ar 269 175 144
qv 191 188
mr 164 149 -67
qbs
mr 212 209 -192
ar 251 266 97
mr 163 204 166
mr 145 249 94
qv 156 147
qv 209 274
mr 238 230 -138
mr 199 185 172
mr 191 155 15
ar 257 41 94
mr 177 218 -112
ar 154 267 125
mr 167 255 187
qbs
mr 164 154 1
mr 241 160 -173
qci 243 179
mr 169 218 75
qci 116 260
mr 154 238 141
mr 198 244 67
qci 166 191
qv 193 210
mr 227 25 -185
mr 196 255 -119
ap 141 DPO-bot-141 2
qbs
ar 167 166 185
mr 237 152 152
mr 236 152 42
qv 241 109
mr 116 269 20
qbs
mr 182 235 -13
mr 274 103 174
qv 241 254
qbs
ar 193 139 154
mr 169 199 -111
mr 261 227 22
qbs
mr 158 268 58
mr 187 153 74
ar 232 56 6
qv 176 198
qbs
mr 162 149 49
mr 219 186 78
ap 100 DPO-bot-100 23
mr 228 259 34
mr 277 262 117
mr 270 183 -46
mr 70 249 123
qbs
ar 219 111 59
ap 53 DPO-bot-53 178
qts
mr 236 194 -131
mr 205 225 85
qbs
qv 247 191
qv 166 202
mr 175 194 167
mr 209 229 -6
ap 71 DPO-bot-71 153
mr 260 203 11
ar 144 217 139
qbs
ar 226 250 105
mr 267 163 -22
mr 163 178 93
qbs
qci 230 152
ar 137 146 43
ap 36 DPO-bot-36 171
ar 171 229 132
qbs
ar 234 124 95
mr 229 183 -26
qbs
mr 251 269 23
mr 168 260 109
ap 12 DPO-bot-12 116
mr 73 255 -197
qci 268 234
qts
qv 243 190
ap 142 DPO-bot-142 56
mr 121 268 -175
ar 218 246 57
ar 19 112 139
mr 196 189 -45
qv 276 190
mr 162 241 21
mr 3 154 72
mr 264 216 -38
mr 282 219 -181
ar 259 104 185
mr 199 56 49
mr 247 269 -139
ar 244 111 114
mr 269 2 -136
ar 253 244 122
mr 32 269 -177
qbs
mr 59 282 -109
qts
qbs
mr 228 147 1
ap 18 DPO-bot-18 169
ap 133 DPO-bot-133 14
mr 98 252 146
mr 187 214 135
qv 192 145
ar 173 194 107
ap 117 DPO-bot-117 1
qci 183 136
mr 222 86 193
ar 160 204 155
mr 148 243 100
mr 208 263 -119
ar 173 278 85
mr 261 248 123
mr 270 13 96
mr 154 163 -27
ar 221 223 82
mr 93 249 -134
ar 189 216 170
mr 59 195 154
mr 259 159 -80
mr 252 214 81
ap 143 DPO-bot-143 29
qv 283 105
ar 84 171 175
qci 238 269
ar 200 214 86
mr 206 217 108
mr 226 204 -146
qci 248 164
mr 225 177 -42
ar 194 165 173
mr 185 263 -112
mr 275 175 -36
mr 184 1 1
ap 144 DPO-bot-144 63
qci 1 190
qv 51 174
qbs
qv 148 181
mr 155 210 -118
qci 265 275
mr 278 278 -23
ap 64 DPO-bot-64 97
ar 195 13 1
ar 154 283 200
ap 145 DPO-bot-145 13
mr 259 247 179
ar 271 168 193
mr 165 239 42
qbs
qci 13 141
ar 289 219 149
ap 146 DPO-bot-146 61
ar 264 292 146
ar 172 224 43
qv 275 206
mr 185 248 105
qv 217 247
qv 282 161
qci 165 199
qci 251 280
mr 200 262 70
qv 197 276
mr 243 3 -67
mr 210 280 -87
qci 255 243
qv 248 218
qbs
mr 209 197 -145
mr 268 208 114
qbs
mr 163 226 156
ar 241 171 42
ap 147 DPO-bot-147 91
mr 200 247 131
mr 230 155 -112
qts
qbs
mr 196 174 55
ar 262 282 34
ap 148 DPO-bot-148 97
ar 275 168 147
mr 226 268 37
mr 182 229 -189
mr 286 203 152
mr 171 264 47
ap 138 DPO-bot-138 54
mr 287 263 -140
qci 215 290
qbs
mr 284 272 131
mr 238 162 -85
qv 239 175
qbs
mr 225 211 -128
ar 253 101 66
ar 233 159 17
ar 131 262 93
qts
mr 206 159 -142
mr 246 204 -132
mr 262 249 81
mr 196 252 -162
mr 231 246 -64
qv 244 294
mr 169 234 168
ar 174 245 83
mr 203 173 179
qci 3 229
mr 164 31 -50
mr 167 169 -57
qv 291 289
mr 290 193 26
mr 33 268 18
qci 241 274
ar 204 178 135
ar 291 202 180
qci 218 80
ar 237 218 69
ar 247 290 45
qci 18 149
qci 261 201
ar 67 199 85
mr 177 278 -33
mr 186 252 -179
mr 222 198 195
mr 81 167 14
mr 196 189 -94
qbs
qci 187 230
mr 292 229 47
ar 273 234 85
mr 213 271 -31
mr 156 222 159
qci 290 255
mr 260 188 -9
qci 158 268
ar 265 192 34
qci 280 199
qbs
ap 149 DPO-bot-149 199
mr 56 295 -12
qci 170 163
ar 239 151 103
mr 274 52 -158
ar 173 212 93
mr 242 207 175
mr 216 297 -159
ar 264 171 180
ar 241 222 39
mr 166 223 -118
ar 293 278 15
mr 223 272 -76
ar 200 218 2
ar 189 146 60
qci 282 265
qci 261 244
mr 182 172 -61
mr 240 158 -108
mr 155 272 -131
ar 204 216 188
ap 150 DPO-bot-150 72
mr 218 234 108
mr 77 233 -12
mr 180 216 23
ap 88 DPO-bot-88 178
mr 258 169 177
qci 279 206
ap 104 DPO-bot-104 188
qci 159 82
mr 70 258 95
qbs
mr 234 181 -79
mr 250 254 -80
mr 222 182 -164
ap 20 DPO-bot-20 134
qv 174 282
mr 298 186 192
mr 219 152 -123
ar 198 262 135
mr 140 230 -132
qv 299 167
qv 286 222
qbs
ar 244 70 142
qci 185 298
qv 179 295
ap 151 DPO-bot-151 103
mr 189 230 -194
mr 207 221 -120
mr 203 177 -122
ap 95 DPO-bot-95 61
mr 46 88 -149
mr 70 207 95
qv 14 192
ar 17 294 57
mr 164 192 187
ar 244 287 156
qci 157 278
ar 232 40 169
mr 273 300 -151
ap 152 DPO-bot-152 55
mr 171 221 57
ar 246 201 28
ap 83 DPO-bot-83 71
mr 55 284 58
ar 135 218 157
qci 178 247
qci 303 175
qv 244 201
qci 287 287
qbs
mr 264 222 45
ar 231 225 153
qts
qbs
mr 157 160 -82
mr 161 79 -49
mr 182 195 -27
qv 206 276
ar 175 74 113
ar 166 290 129
ap 30 DPO-bot-30 97
qbs
ar 181 240 105
ap 153 DPO-bot-153 155
ap 154 DPO-bot-154 65
qci 264 272
ar 267 168 42
ar 298 237 8
mr 168 125 -5
qci 10 253
mr 196 253 61
mr 269 213 -154
mr 193 305 31
qbs
mr 166 255 -174
mr 242 282 -12
ap 66 DPO-bot-66 66
mr 298 282 -29
ap 89 DPO-bot-89 161
ar 179 260 107
qbs
ar 182 302 154
mr 293 282 186
ap 155 DPO-bot-155 5
ar 242 75 78
mr 299 273 -103
mr 178 271 53
qv 164 252
qci 220 159
qbs
mr 246 303 38
ar 211 294 82
qci 60 268
mr 174 305 76
mr 172 274 11
mr 40 303 163
qv 289 284
mr 258 200 8
qv 158 231
mr 274 232 -165
ap 79 DPO-bot-79 126
ar 219 205 172
qbs
mr 295 302 -159
ap 156 DPO-bot-156 24
ar 196 107 138
mr 304 223 -15
ap 62 DPO-bot-62 65
qbs
qci 310 269
ap 27 DPO-bot-27 64
mr 213 199 -105
mr 275 164 -50
qci 246 208
ar 212 266 114
ar 184 163 92
ar 261 159 152
ar 242 234 172
qv 301 270
mr 214 295 8
qv 255 45
mr 220 197 77
qv 187 158
ap 122 DPO-bot-122 1
qbs
qbs
qbs
qbs
qbs
qbs
mr 148 162 27
mr 55 233 -27
mr 209 286 -198
qbs
qci 266 243
qv 174 301
mr 173 167 -22
ap 157 DPO-bot-157 157
mr 314 295 -32
qts
mr 287 105 173
qci 176 198
mr 203 286 158
mr 202 162 63
ap 69 DPO-bot-69 9
mr 305 302 -188
mr 184 224 33
ar 275 66 127
qts
mr 271 171 145
ar 213 267 120
qbs
qci 259 212
qci 262 313
mr 194 279 -95
qv 224 289
ar 179 313 96
ar 88 223 154
qci 210 224
ar 271 264 16
ar 246 287 79
ar 230 75 109
ap 158 DPO-bot-158 18
mr 182 307 -30
mr 171 191 -141
mr 312 310 -7
qts
mr 246 180 -116
mr 195 288 39
qci 249 165
mr 272 225 124
ar 174 216 138
qv 314 293
qv 216 293
ap 159 DPO-bot-159 84
mr 176 303 -101
ap 160 DPO-bot-160 94
ar 300 167 151
mr 211 285 -143
ap 161 DPO-bot-161 184
qbs
qci 267 275
mr 298 306 -103
mr 193 242 -122
qbs
mr 298 274 159
ap 162 DPO-bot-162 199
mr 171 297 -32
mr 298 232 90
mr 239 150 119
ap 163 DPO-bot-163 182
ar 224 272 121
mr 287 67 106
qci 229 183
qv 178 239
mr 215 190 -126
ar 190 246 106
ar 165 212 126
qv 17 305
mr 306 184 -191
mr 87 175 156
ap 120 DPO-bot-120 60
mr 281 270 -13
qbs
mr 215 210 -51
qci 197 176
qv 209 323
ar 268 234 149
mr 201 165 -188
mr 235 296 -177
ap 164 DPO-bot-164 190
qci 302 251
ar 107 15 69
mr 148 292 -122
ar 172 252 88
mr 238 294 -74
qv 255 231
ap 165 DPO-bot-165 27
ap 166 DPO-bot-166 156
ar 305 216 147
qci 324 184
mr 275 239 125
mr 326 221 -99
qbs
qbs
mr 210 284 -26
ar 177 332 47
mr 320 207 91
mr 204 300 157
qv 213 167
mr 278 180 32
mr 24 226 -140
mr 171 135 56
ar 274 298 52
qv 169 32
qv 275 170
ar 242 255 100
ar 244 215 30
qci 222 293
ar 280 167 115
mr 238 289 -12
qv 320 120
ap 125 DPO-bot-125 140
qci 243 273
ap 61 DPO-bot-61 58
mr 291 292 -113
qbs
mr 227 172 -45
qts
ar 271 276 100
mr 269 181 133
qbs
mr 242 60 147
ar 31 234 107
ar 260 193 8
mr 76 321 57
ap 15 DPO-bot-15 17
ap 33 DPO-bot-33 75
mr 285 213 -106
mr 190 227 -53
ar 151 229 160
ar 118 293 200
qv 251 198
qci 282 20
qci 190 168
mr 197 30 86
qbs
ap 167 DPO-bot-167 121
qv 224 206
mr 270 6 57
qbs
qv 231 268
mr 242 281 -99
mr 327 281 1
mr 228 239 -189
mr 268 181 74
mr 329 263 -199
ar 311 295 135
mr 21 284 12
mr 197 227 -191
qci 235 320
ar 191 180 27
mr 330 200 130
qv 78 280
qv 292 239
qci 218 334
qci 150 242
mr 196 301 174
qci 186 333
mr 202 175 -184
ar 241 327 145
qv 309 58
qci 99 199
ar 201 274 71
qci 288 300
qci 180 180
qv 304 299
qv 312 268
ar 307 285 156
mr 253 240 123
ap 49 DPO-bot-49 85
ar 242 289 158
ar 123 331 172
ap 83 DPO-bot-83 71
qci 238 325
ap 168 DPO-bot-168 1
mr 279 260 -170
mr 89 325 -55
mr 324 314 -121
mr 257 238 169
qci 200 287
qv 244 196
ar 215 231 167
ap 169 DPO-bot-169 33
ar 191 224 18
mr 176 302 22
mr 256 246 90
mr 266 216 31
ar 310 186 120
ap 58 DPO-bot-58 172
ar 295 306 178
ap 170 DPO-bot-170 2
ap 171 DPO-bot-171 133
mr 229 183 93
mr 182 206 141
ar 281 303 56
mr 102 205 84
qci 322 304
qv 293 326
ar 228 267 16
mr 183 237 -26
qci 305 221
mr 307 282 -19
ap 11 DPO-bot-11 130
mr 332 185 -149
qv 305 18
qts
qv 324 236
qbs
ap 35 DPO-bot-35 20
mr 321 223 41
mr 239 291 -117
ar 299 269 27
mr 232 135 57
qv 220 211
qv 212 311
ap 172 DPO-bot-172 62
ar 246 281 53
mr 314 335 -18
ar 149 78 47
qci 143 230
qbs
ar 278 278 102
mr 260 175 -155
ap 173 DPO-bot-173 94
mr 311 199 8
ar 263 210 163
ar 333 334 77
mr 216 302 -148
qbs
ar 204 329 76
ar 243 238 39
qbs
mr 303 288 -77
ar 193 240 96
qv 179 324
qbs
qv 198 328
ar 195 259 125
mr 277 279 45
mr 309 214 165
qci 322 313
ar 269 62 13
ar 343 239 168
mr 267 302 46
mr 292 203 39
qv 145 178
qv 315 240
mr 295 207 107
mr 189 330 -25
qv 66 309
ar 286 333 164
qbs
qci 273 329
mr 273 250 -73
mr 250 245 96
mr 333 341 69
qv 176 343
ar 226 323 136
mr 232 148 95
ar 180 278 54
qci 218 279
ap 95 DPO-bot-95 61
ar 185 217 20
mr 334 320 163
ap 174 DPO-bot-174 169
qbs
qci 214 329
mr 235 249 -102
mr 218 191 -101
mr 301 332 29
qv 185 229
mr 197 299 -54
mr 209 247 20
qbs
mr 259 256 -169
ar 8 315 32
mr 336 218 131
qbs
qbs
mr 183 217 42
qv 269 270
qv 286 94
qbs
qbs
qts
mr 217 80 -163
mr 287 220 -190
mr 216 288 -54
mr 324 76 -98
ar 175 139 160
qbs
mr 193 323 -158
mr 181 42 -50
qv 319 231
ar 176 294 91
qci 347 187
qv 217 238
ap 5 DPO-bot-5 167
ap 122 DPO-bot-122 1
ar 176 177 133
mr 317 320 10
qci 189 286
ap 34 DPO-bot-34 186
ap 76 DPO-bot-76 1
qci 178 206
qci 181 347
qbs
qci 301 245
qci 259 190
ar 292 348 125
ar 158 179 147
mr 214 278 135
ap 172 DPO-bot-172 62
mr 211 344 157
mr 347 194 -170
ap 4 DPO-bot-4 115
qbs
qci 236 269
qbs
mr 183 299 180
mr 211 232 68
mr 231 335 -66
mr 106 224 51
mr 340 245 128
mr 264 252 85
ar 336 339 114
mr 202 316 -141
mr 274 304 7
qv 326 177
ar 294 317 57
qci 208 318
qci 298 76
ap 175 DPO-bot-175 72
mr 145 176 -199
ar 187 292 5
qv 33 195
qbs
ar 179 280 178
ar 221 320 43
qci 348 240
qbs
qbs
qv 240 130
mr 245 301 -152
mr 262 189 -31
qci 342 226
ap 176 DPO-bot-176 68
mr 173 263 68
qbs
mr 276 259 110
ar 194 308 179
mr 205 256 84
mr 258 218 185
qbs
qv 345 300
ap 177 DPO-bot-177 83
qbs
ar 296 249 32
qbs
ar 309 293 191
ar 275 210 156
mr 276 311 -121
qci 318 248
ap 178 DPO-bot-178 95
mr 249 300 -32
ar 217 218 48
qv 355 267
mr 291 258 134
mr 211 301 49
ar 218 249 26
ar 287 300 66
mr 302 192 15
mr 295 204 -25
qci 333 349
mr 234 311 -56
ar 202 190 86
mr 352 343 189
qts
qci 261 208
qv 320 287
ar 205 119 69
mr 259 183 -7
qbs
ar 219 225 52
mr 309 285 -151
qbs
ap 179 DPO-bot-179 159
mr 255 287 -107
mr 298 269 149
ap 180 DPO-bot-180 132
qbs
ap 181 DPO-bot-181 84
ar 247 178 174
mr 358 299 32
qv 305 332
mr 91 241 1
mr 189 191 -85
qbs
mr 210 273 -92
mr 343 297 -105
qci 345 213
mr 218 273 154
qci 178 272
qci 258 20
ar 297 283 92
ap 182 DPO-bot-182 178
qbs
mr 257 244 146
ar 335 287 113
ar 289 212 109
mr 237 312 101
mr 214 316 161
ar 193 237 117
ar 202 309 107
qbs
ar 199 329 1
qci 295 26
qci 134 331
ap 183 DPO-bot-183 152
ar 52 212 134
ar 210 346 99
qts
qci 231 227
mr 186 224 -7
ap 80 DPO-bot-80 165
qv 290 344
ar 196 354 61
qv 358 190
qts
qci 208 200
ap 138 DPO-bot-138 54
ap 117 DPO-bot-117 1
mr 266 209 42
qbs
mr 331 295 -168
mr 302 358 -13
ap 184 DPO-bot-184 51
qv 325 343
mr 197 250 -3
qci 309 278
qbs
qbs
qv 207 306
qbs
ar 282 317 165
qbs
mr 325 294 -79
mr 363 201 60
qbs
qv 221 304
qts
qci 334 366
mr 198 349 173
ar 137 223 3
ar 177 366 182
mr 193 340 -67
mr 233 105 4
qv 256 133
ap 185 DPO-bot-185 176
ap 186 DPO-bot-186 3
ar 366 269 32
mr 61 370 -140
qbs
qbs
ar 249 228 69
qci 202 337
ap 140 DPO-bot-140 15
mr 187 290 155
qci 233 371
ap 187 DPO-bot-187 131
ar 328 351 17
mr 334 190 -122
qv 97 309
mr 227 347 147
ar 321 234 3
qci 244 342
ap 188 DPO-bot-188 199
qbs
ar 345 266 142
ar 199 296 171
mr 215 217 107
mr 220 192 -197
qts
mr 223 213 -127
qbs
mr 207 204 22
qci 229 347
mr 92 46 70
mr 336 372 -73
mr 358 233 134
ap 94 DPO-bot-94 106
mr 210 303 -90
qv 201 289
ar 234 352 164
mr 235 264 139
ap 189 DPO-bot-189 50
mr 345 294 -57
qv 368 288
qv 250 203
mr 249 234 176
qv 207 265
mr 333 276 -124
ar 342 211 173
mr 110 283 115
ar 366 350 194
ar 202 204 110
qts
ap 177 DPO-bot-177 83
mr 311 312 -187
mr 249 193 -162
mr 326 211 192
ar 243 244 113
qv 209 207
mr 198 253 -84
qbs
qbs
mr 221 217 62
mr 213 224 -189
mr 301 265 129
mr 106 378 -109
mr 354 56 -185
ap 119 DPO-bot-119 138
qv 245 204
qv 355 279
mr 234 257 -137
mr 344 329 111
ar 196 199 124
mr 272 233 196
mr 50 226 -84
mr 317 373 -5
ap 190 DPO-bot-190 54
qbs
ap 133 DPO-bot-133 14
ap 191 DPO-bot-191 169
qci 325 381
mr 286 231 35
ar 324 289 96
qv 292 248
ar 217 308 188
ar 380 353 115
mr 242 196 10
ar 99 328 95
mr 317 370 199
ar 78 272 65
qv 379 333
mr 339 265 -138
ap 192 DPO-bot-192 73
ar 366 298 71
qbs
ar 252 149 66
ap 193 DPO-bot-193 162
qv 262 328
qv 384 363
mr 289 292 194
ap 194 DPO-bot-194 105
mr 230 197 -71
mr 203 255 136
mr 71 94 -50
mr 377 316 -102
mr 260 276 142
mr 335 221 -125
mr 264 242 -53
ar 322 379 178
qbs
ar 371 318 177
ap 195 DPO-bot-195 126
mr 264 348 13
mr 200 242 51
mr 358 209 52
mr 262 255 -168
qv 350 329
mr 377 368 26
qbs
qbs
mr 189 314 -48
qci 267 345
ar 326 204 77
ar 279 293 182
qci 233 268
mr 286 351 -93
ar 329 199 28
ar 348 355 15
qv 302 366
mr 304 202 -96
mr 294 390 183
ap 97 DPO-bot-97 180
ar 326 218 112
mr 245 248 -76
ar 336 253 192
qbs
qci 342 258
mr 20 339 -129
ap 196 DPO-bot-196 56
mr 364 284 -20
qv 298 239
mr 252 197 -69
ar 29 341 71
qci 295 256
ar 282 7 10
mr 355 229 -161
ar 391 227 145
mr 335 202 -103
mr 286 376 157
qci 196 206
mr 249 269 -164
mr 338 338 2
mr 306 335 42
mr 382 317 170
ar 298 342 155
qci 317 230
mr 328 293 -170
qci 328 314
qci 256 304
qci 349 366
mr 367 194 84
qbs
qci 355 353
ar 348 248 34
mr 377 350 135
qv 315 210
ar 292 306 185
ar 284 330 200
mr 35 281 109
mr 299 363 153
ar 279 359 163
ar 268 251 169
qv 270 217
mr 282 201 58
ar 346 376 44
mr 238 216 107
ar 206 219 141
ar 355 324 196
ar 226 275 35
qv 251 311
qci 382 307
mr 295 55 3
mr 375 253 164
qbs
mr 381 264 118
mr 92 261 -169
ar 257 230 25
mr 243 327 -84
mr 374 296 -68
ap 197 DPO-bot-197 192
mr 278 214 150
mr 243 234 4
ap 155 DPO-bot-155 5
mr 201 370 69
ap 198 DPO-bot-198 60
mr 271 253 178
mr 282 323 -104
mr 339 334 -168
mr 278 36 -47
mr 73 197 13
mr 312 385 -30
ar 290 325 179
ap 137 DPO-bot-137 140
qbs
mr 299 227 -28
qci 358 23
ar 231 255 155
ar 394 352 186
mr 284 329 -48
ap 189 DPO-bot-189 50
qci 252 353
mr 129 357 -128
ar 226 235 80
ar 250 278 170
qci 355 381
qts
qv 253 210
mr 349 14 -198
ar 257 340 145
qv 373 367
mr 238 346 198
ar 349 245 105
qv 99 262
mr 364 207 20
mr 237 150 60
mr 249 350 -61
mr 247 242 -75
ap 99 DPO-bot-99 80
ar 74 273 36
ar 336 391 11
mr 333 242 -92
mr 395 309 120
mr 314 275 -116
mr 213 247 97
ap 105 DPO-bot-105 175
mr 366 332 167
qbs
qci 200 333
qbs
qts
qv 142 348
ar 371 334 124
ar 247 208 118
mr 233 356 -112
mr 262 120 84
qbs
ap 199 DPO-bot-199 73
ap 134 DPO-bot-134 138
ap 200 DPO-bot-200 197
mr 375 265 110
mr 287 339 -164
qci 356 132
qv 227 226
qci 308 330
ar 360 204 156
ar 278 217 150
qci 236 321
mr 197 270 65
qbs
mr 385 63 -166
ar 210 385 26
ap 201 DPO-bot-201 133
ap 202 DPO-bot-202 175
mr 324 298 -198
ar 322 348 160
ar 297 300 34
ap 19 DPO-bot-19 198
mr 374 321 83
qbs
ap 203 DPO-bot-203 183
mr 304 234 181
qbs
qts
ar 355 268 111
mr 272 315 -104
qv 182 314
mr 228 225 -11
ar 264 328 116
ar 319 222 108
mr 229 210 -181
ar 260 360 112
qts
mr 272 308 -119
ap 204 DPO-bot-204 105
ar 372 325 88
qci 356 386
mr 303 312 163
ar 388 314 105
qv 276 383
mr 261 372 97
mr 260 254 169
qci 222 213
mr 308 363 11
mr 404 350 -63
qbs
qci 373 359
qci 120 377
mr 205 395 33
ap 101 DPO-bot-101 50
qbs
mr 396 387 -174
mr 251 374 63
mr 13 393 -12
ar 317 344 10
ar 352 339 139
qts
ar 7 149 27
mr 183 329 178
qci 245 335
mr 300 384 -164
mr 139 351 -100
mr 369 402 119
qv 188 324
mr 324 366 -139
ar 268 363 93
qbs
qci 250 328
ar 228 170 84
ar 291 346 117
ar 362 303 104
mr 220 392 82
qci 330 209
mr 343 228 159
ar 394 358 118
qbs
mr 370 376 -125
ap 205 DPO-bot-205 188
ar 306 325 187
qbs
mr 408 331 53
ar 269 281 184
qci 272 366
qci 272 365
qv 241 382
mr 343 277 57
ap 11 DPO-bot-11 130
qv 341 294
mr 366 375 -95
ar 244 322 196
qbs
qci 307 214
mr 364 236 -17
mr 304 6 174
qci 301 248
ar 295 306 146
mr 399 389 117
mr 282 227 197
qbs
qv 299 325
ap 206 DPO-bot-206 98
mr 242 368 -152
ap 207 DPO-bot-207 70
ar 354 381 5
ar 223 118 137
mr 339 322 34
qv 216 337
ar 246 338 188
mr 296 406 -72
mr 330 316 72
mr 351 325 -197
qci 363 414
qbs
qv 301 344
mr 236 404 -63
qv 400 364
qv 389 219
qbs
ar 290 385 48
ar 276 281 77
mr 371 296 13
ar 280 371 67
qv 395 332
qv 273 360
mr 13 356 81
qbs
mr 376 404 85
ar 328 317 21
ap 42 DPO-bot-42 66
mr 286 303 -5
mr 385 210 -192
ap 43 DPO-bot-43 75
ap 120 DPO-bot-120 60
mr 278 252 116
qts
mr 326 224 69
qv 307 148
ar 399 276 94
qts
ap 44 DPO-bot-44 50
qci 212 381
ar 192 396 1
qv 373 381
ar 389 263 187
ar 293 217 162
mr 263 281 75
qv 348 382
qbs
qv 302 239
qci 340 364
mr 334 281 -57
ar 353 227 151
mr 363 412 33
mr 115 221 33
qv 364 291
mr 323 299 -112
qv 293 213
qv 222 402
qv 356 363
mr 414 279 -51
qts
mr 412 327 -70
mr 330 278 -184
qv 333 360
qts
qbs
mr 300 344 -158
ar 314 339 193
ar 233 327 167
ar 254 352 92
ap 208 DPO-bot-208 4
mr 392 384 131
mr 248 287 191
mr 365 368 95
qbs
mr 234 297 188
ar 319 259 146
ar 340 386 112
qv 262 292
ar 325 252 143
mr 343 330 153
ar 62 310 54
qbs
mr 233 286 142
ar 369 370 59
mr 366 372 -27
mr 272 345 -18
mr 210 328 14
qci 72 389
qbs
ar 384 355 118
mr 352 314 -128
mr 299 386 192
mr 361 225 140
ap 209 DPO-bot-209 167
qci 260 99
ar 294 346 25
mr 306 372 48
ar 11 190 24
qci 374 319
ap 134 DPO-bot-134 138
mr 368 246 -32
mr 156 232 118
ar 236 332 153
mr 384 307 133
qbs
mr 366 381 76
ar 391 244 20
mr 94 366 -137
ar 241 335 96
mr 375 68 -71
ar 263 416 113
mr 256 275 62
qbs
mr 211 381 -165
qci 316 386
ap 178 DPO-bot-178 95
qci 402 327
mr 387 240 129
ar 9 353 140
qci 373 220
mr 374 134 -131
ap 158 DPO-bot-158 18
ar 96 402 68
mr 261 315 6
mr 91 322 189
qv 292 416
mr 357 271 -15
qbs
qci 410 230
mr 224 190 -96
ar 373 227 9
