ln 80
80 46 23 25 16 42 2 70 15 73 72 58 55 57 67 44 3 64 37 11 62 8 45 52 54 63 35 71 74 38 69 75 53 10 47 1 48 12 36 14 33 77 13 27 18 19 17 78 21 4 59 66 9 49 30 29 60 40 24 22 34 61 31 51 7 43 5 26 39 50 28 68 32 56 20 79 6 65 41 76
DPO-bot-80 DPO-bot-46 DPO-bot-23 DPO-bot-25 DPO-bot-16 DPO-bot-42 DPO-bot-2 DPO-bot-70 DPO-bot-15 DPO-bot-73 DPO-bot-72 DPO-bot-58 DPO-bot-55 DPO-bot-57 DPO-bot-67 DPO-bot-44 DPO-bot-3 DPO-bot-64 DPO-bot-37 DPO-bot-11 DPO-bot-62 DPO-bot-8 DPO-bot-45 DPO-bot-52 DPO-bot-54 DPO-bot-63 DPO-bot-35 DPO-bot-71 DPO-bot-74 DPO-bot-38 DPO-bot-69 DPO-bot-75 DPO-bot-53 DPO-bot-10 DPO-bot-47 DPO-bot-1 DPO-bot-48 DPO-bot-12 DPO-bot-36 DPO-bot-14 DPO-bot-33 DPO-bot-77 DPO-bot-13 DPO-bot-27 DPO-bot-18 DPO-bot-19 DPO-bot-17 DPO-bot-78 DPO-bot-21 DPO-bot-4 DPO-bot-59 DPO-bot-66 DPO-bot-9 DPO-bot-49 DPO-bot-30 DPO-bot-29 DPO-bot-60 DPO-bot-40 DPO-bot-24 DPO-bot-22 DPO-bot-34 DPO-bot-61 DPO-bot-31 DPO-bot-51 DPO-bot-7 DPO-bot-43 DPO-bot-5 DPO-bot-26 DPO-bot-39 DPO-bot-50 DPO-bot-28 DPO-bot-68 DPO-bot-32 DPO-bot-56 DPO-bot-20 DPO-bot-79 DPO-bot-6 DPO-bot-65 DPO-bot-41 DPO-bot-76
143 100 141 28 107 62 69 38 30 192 188 41 56 60 187 107 93 102 190 170 69 1 103 103 93 50 69 164 169 111 142 101 195 173 77 152 126 142 120 129 28 183 171 13 82 30 141 149 184 127 75 102 46 61 191 13 148 128 142 13 102 171 30 52 56 124 57 162 26 108 178 168 32 63 169 160 50 84 49 139
28
39 59
17 33 130
68 16 50 189
15 97 69 101 142
171 91 97 21 20 171
26 155 93 25 17 23 119
157 160 127 195 103 19 122 172
25 101 79 166 97 66 162 196 188
192 71 24 67 107 135 118 92 171 56
48 184 60 20 146 77 168 70 151 12 115
177 74 61 133 96 64 51 141 104 112 27 91
131 32 10 195 130 43 169 26 140 146 134 160 196
78 189 130 52 189 153 172 186 22 158 33 13 68 11
36 159 108 136 7 35 28 81 96 88 183 145 30 55 68
128 200 60 46 90 192 94 69 123 113 102 75 191 96 149 24
98 122 154 31 74 114 25 164 51 182 20 172 27 58 133 164 123
98 27 9 123 9 183 96 80 28 68 88 24 48 114 34 60 80 118
180 138 198 119 112 40 54 28 135 132 66 178 45 194 15 196 124 160 35
57 188 168 145 142 167 52 184 101 195 181 4 67 52 183 167 163 38 49 5
83 190 64 76 106 69 102 149 56 102 137 55 53 132 13 160 7 46 28 41 81
145 21 184 155 128 69 98 2 111 73 167 119 113 76 45 77 51 101 36 161 198 155
196 114 172 61 122 114 23 122 117 192 33 162 198 113 111 49 172 140 44 187 123 119 160
165 74 157 183 185 101 19 36 1 94 168 115 144 118 170 30 182 34 147 183 160 23 174 88
31 115 120 185 174 62 105 118 123 185 189 33 23 149 128 8 189 156 161 161 158 17 159 118 169
38 118 113 121 55 162 8 7 106 199 84 171 172 181 122 47 163 67 145 108 194 89 168 132 77 62
136 102 127 179 3 166 169 129 32 129 107 113 62 196 176 16 181 168 143 1 33 17 10 20 160 166 101
162 163 97 71 110 141 183 53 39 23 9 20 174 1 123 12 87 61 126 41 13 30 171 32 69 94 198 83
27 82 101 21 112 63 31 94 75 100 2 15 156 144 89 1 152 191 4 45 20 51 122 85 68 181 6 90 170
81 44 179 177 137 103 135 54 144 120 200 78 36 100 152 15 199 118 96 133 23 141 56 1 30 198 160 165 165 107
26 31 161 125 191 113 191 48 15 7 133 69 160 191 84 155 124 131 102 195 192 118 53 176 182 159 76 161 23 83 155
127 101 96 67 39 45 59 48 165 66 198 40 33 188 99 24 39 69 151 139 109 87 19 38 33 167 191 27 46 175 77 156
80 139 190 24 93 145 172 28 85 177 88 172 116 158 187 25 192 74 38 130 136 185 191 157 95 181 152 110 35 199 128 109 119
169 117 142 150 100 196 103 59 37 14 103 135 7 75 133 67 124 152 100 112 113 177 151 10 157 56 26 140 135 182 164 14 17 144
37 118 129 98 174 134 31 170 98 13 141 154 84 8 63 78 141 182 56 16 105 87 8 34 75 128 87 74 91 136 26 39 56 121 17
138 162 138 187 80 175 55 111 18 125 22 2 164 1 112 30 178 41 29 143 104 12 153 149 15 163 119 145 113 83 94 92 153 27 59 40
102 116 125 168 162 116 189 50 37 180 149 47 60 89 167 76 126 38 24 8 64 188 72 79 82 29 145 21 128 197 99 9 10 186 171 200 61
164 57 71 108 137 175 136 2 169 123 15 138 107 105 45 136 27 64 13 114 146 163 136 10 6 59 34 171 91 34 80 9 27 157 144 18 172 162
13 117 47 176 22 95 49 86 135 38 186 4 160 162 170 144 126 127 187 75 184 70 76 109 158 67 102 109 15 20 178 35 6 4 11 15 176 102 3
61 23 17 23 93 14 160 59 25 116 199 34 4 131 55 73 112 163 195 6 50 28 166 67 52 182 120 167 113 37 93 43 83 33 157 179 95 179 7 183
112 12 87 141 124 136 33 150 125 125 32 58 79 161 104 173 88 18 1 126 53 70 65 97 152 163 132 45 9 128 38 10 33 152 148 19 63 134 185 170 117
189 72 64 142 60 106 13 122 77 20 189 47 134 19 190 54 2 119 76 175 28 148 2 3 160 80 188 114 175 178 190 117 19 30 15 75 89 142 43 6 68 108
148 113 65 47 19 85 148 196 81 96 110 102 138 3 76 55 65 174 59 19 166 89 93 86 68 140 74 68 73 113 76 54 77 2 4 49 151 179 182 111 128 5 183
194 94 119 48 185 17 176 150 41 9 9 181 59 22 23 132 138 198 41 9 93 82 106 42 74 106 193 100 56 104 51 176 7 117 170 94 56 81 111 183 142 160 35 99
134 106 40 151 193 105 198 116 68 116 62 111 123 92 128 6 113 41 25 61 89 43 198 59 111 102 3 105 119 2 177 35 185 40 46 80 118 20 95 55 82 154 61 109 154
145 109 149 139 173 37 38 153 72 145 108 141 42 49 2 146 65 161 182 63 46 62 134 178 195 200 134 65 27 22 53 46 126 180 50 157 89 8 110 22 5 163 12 138 54 156
109 49 87 107 61 164 146 60 111 115 57 77 17 133 71 38 151 195 116 46 69 166 3 66 87 176 45 87 178 102 19 185 70 124 96 48 92 104 145 158 75 122 61 148 124 122 157
144 16 39 160 126 62 55 151 177 40 62 87 103 98 171 76 64 24 189 33 53 40 10 136 173 181 8 141 81 198 5 60 124 70 126 147 200 44 108 186 9 96 197 149 154 132 17 6
80 151 9 146 179 67 56 50 83 63 43 118 24 107 73 96 25 136 119 106 64 93 148 53 153 18 196 54 163 55 8 199 108 112 40 116 4 120 142 197 179 44 30 163 42 63 180 53 117
101 187 199 141 69 117 150 39 174 179 105 168 72 141 180 28 103 117 200 32 13 139 182 164 156 189 182 199 104 80 74 58 59 200 180 129 71 9 25 37 172 123 24 88 152 129 118 56 155 109
128 158 89 170 47 182 54 153 75 174 176 95 16 69 189 15 187 163 184 23 79 11 155 169 6 115 153 30 144 115 168 62 73 116 188 57 173 106 164 194 31 183 184 186 98 34 68 89 63 173 30
62 22 23 144 109 10 56 14 43 11 4 175 52 51 189 93 5 18 42 153 92 186 12 176 123 18 161 59 104 59 13 151 26 128 177 197 57 95 92 196 174 198 35 192 101 84 3 109 169 39 171 51
54 131 168 85 45 123 167 6 103 174 183 103 123 135 57 93 145 150 36 14 175 176 36 100 105 91 30 132 106 59 93 109 40 74 104 179 158 90 128 151 60 95 52 54 146 67 134 8 178 180 166 113 90
89 155 129 60 80 33 91 142 196 120 96 180 42 68 2 188 70 168 88 78 172 24 155 133 116 27 165 194 44 183 171 44 83 166 152 65 111 98 136 90 184 193 75 112 101 76 118 72 73 95 164 125 23 191
64 168 149 160 102 105 144 74 97 143 49 125 58 189 33 137 97 10 1 162 106 169 87 63 74 52 62 40 113 144 25 123 72 170 80 115 71 55 177 167 75 71 20 169 33 127 58 165 54 100 32 51 97 96 70
66 6 128 23 176 27 149 195 71 186 136 183 174 115 161 128 108 95 38 51 191 65 105 104 94 108 46 133 26 150 170 123 76 118 11 18 155 17 6 154 170 148 192 113 96 96 59 135 135 142 41 98 143 103 48 75
171 121 183 173 102 137 38 130 178 114 26 65 144 188 5 179 33 133 92 19 114 11 71 24 61 176 31 153 86 64 68 147 76 95 179 113 58 167 77 27 91 131 163 163 97 173 50 101 56 28 82 183 186 139 2 183 164
159 22 133 160 167 50 7 169 169 99 176 28 161 69 102 62 23 157 67 118 184 176 79 46 111 149 33 14 68 178 171 77 26 126 154 35 40 71 133 102 47 50 27 157 150 190 53 18 47 199 182 64 195 160 75 171 185 39
190 113 124 115 106 160 35 32 8 50 119 42 67 144 52 115 5 37 146 43 72 124 92 71 129 97 139 186 96 153 20 98 45 85 194 166 81 124 163 168 143 98 197 164 84 16 102 12 91 47 180 59 176 110 26 12 78 144 186
57 75 167 163 69 129 181 19 13 36 66 166 163 173 170 43 66 171 174 3 33 42 100 82 153 82 166 7 185 107 21 69 49 14 187 41 144 77 129 151 34 51 35 98 186 193 147 128 37 174 195 42 175 55 27 87 164 63 95 83
159 181 102 49 148 33 46 155 1 18 83 178 141 27 125 152 23 25 156 157 138 81 81 66 97 100 9 130 148 148 198 67 61 161 63 175 41 8 197 67 107 81 85 172 101 72 167 33 118 126 178 96 165 126 24 96 85 146 184 95 135
127 35 181 134 51 165 164 59 148 131 159 169 117 99 150 54 65 151 89 50 7 77 73 127 118 159 11 153 41 6 151 134 183 18 189 39 54 18 8 159 90 165 51 14 60 67 10 188 182 88 87 174 82 98 105 113 190 150 159 166 107 73
171 108 52 70 32 63 142 13 53 60 89 172 29 33 2 164 154 28 79 99 114 114 160 162 123 131 55 190 88 59 72 73 47 161 73 100 99 162 179 26 153 172 174 199 7 97 99 109 95 146 78 173 51 160 137 117 191 120 146 76 80 59 186
49 174 195 77 58 159 198 159 196 105 105 116 121 68 144 186 194 195 105 40 117 113 46 47 86 113 74 104 62 131 37 193 172 178 130 163 195 148 24 52 100 175 84 166 102 158 78 19 154 112 92 30 197 200 102 95 25 185 70 199 143 172 112 50
24 131 121 107 196 161 65 48 10 14 55 88 107 38 59 49 61 40 82 189 98 147 146 119 9 108 128 34 27 15 165 195 168 13 108 133 42 93 39 41 64 49 173 18 108 95 22 144 147 13 172 30 12 9 178 9 168 84 47 43 20 148 177 45 156
129 16 19 160 22 180 197 55 33 130 195 67 53 175 81 76 2 57 177 57 196 116 183 82 170 145 70 17 83 44 24 2 192 104 112 153 142 134 172 103 27 184 34 112 166 155 88 82 21 182 180 122 59 155 163 96 108 62 37 23 110 54 62 144 15 163
133 156 172 90 68 51 131 169 97 11 180 89 64 122 14 189 106 152 176 172 155 24 168 152 187 22 105 119 7 2 142 1 83 135 178 174 24 85 199 115 159 91 96 58 86 35 158 95 138 182 30 64 151 26 84 103 159 2 38 109 62 147 82 179 194 166 169
151 4 100 158 106 103 116 123 38 26 149 72 26 191 153 137 156 57 191 17 10 143 188 169 28 25 27 48 34 70 70 48 24 114 89 20 111 180 142 110 172 72 111 53 3 156 77 102 16 188 124 60 165 163 186 130 95 186 182 188 177 6 98 18 127 194 131 112
60 144 141 88 99 16 148 76 194 125 16 136 43 150 32 44 141 28 27 145 95 143 3 48 18 154 44 191 123 42 19 22 140 139 115 58 100 161 11 63 78 118 183 22 80 124 96 79 110 150 76 13 93 6 189 51 199 82 137 142 14 193 65 190 102 178 45 32 152
187 38 27 179 163 125 115 38 81 78 143 62 46 68 142 61 170 123 12 151 158 79 16 25 163 199 1 162 101 114 161 70 175 46 1 112 191 100 154 140 31 37 191 31 194 176 55 129 162 129 73 183 126 84 175 164 150 113 3 3 134 107 74 109 129 199 7 1 183 22
181 14 61 57 31 136 2 142 33 189 78 47 1 72 4 150 8 4 187 156 142 91 141 81 172 127 103 175 79 165 76 27 56 181 30 68 168 165 147 186 148 51 55 1 35 150 128 34 21 111 175 17 66 94 24 49 30 63 67 50 112 60 113 164 17 28 105 26 24 101 6
117 177 2 42 34 74 71 163 187 179 198 197 53 176 89 165 85 30 86 24 109 51 109 15 66 47 116 43 13 147 158 120 61 28 137 146 144 73 46 165 110 97 62 38 143 140 139 130 79 138 125 88 24 59 118 57 48 103 91 69 43 193 126 4 184 87 166 58 95 143 184 199
32 92 14 33 11 6 152 121 200 184 74 74 126 66 69 179 164 61 71 39 94 82 40 146 159 181 171 188 175 66 180 165 154 76 84 185 23 91 200 119 107 126 160 174 71 153 189 190 47 3 90 49 163 182 47 22 177 165 124 195 42 182 151 179 149 98 129 132 69 70 54 196 52
92 174 47 178 74 179 88 170 51 52 121 188 187 33 78 58 160 170 172 167 182 30 162 82 104 12 182 76 165 82 187 192 124 24 178 56 146 84 186 116 75 124 117 40 9 38 158 96 192 137 77 100 17 193 26 118 106 176 156 12 24 100 144 2 167 188 164 40 95 165 132 174 87 199
83 29 149 66 12 67 144 87 131 109 54 95 25 64 104 176 134 85 173 46 15 93 85 162 193 194 193 12 120 82 125 152 88 16 97 97 41 200 125 114 158 2 153 144 119 106 25 108 126 59 6 127 139 77 126 59 190 126 21 118 168 194 20 8 54 125 93 140 7 1 97 102 115 52 192
195 88 16 122 93 165 100 60 114 177 41 147 13 172 144 30 86 46 86 121 161 190 24 156 7 152 166 184 105 90 103 74 121 123 190 125 17 67 124 162 121 71 181 162 110 186 62 52 197 102 31 97 119 111 29 69 121 184 194 176 2 35 148 32 125 112 154 8 71 193 11 34 109 15 72 8
188 33 35 156 89 66 168 181 153 165 160 144 184 100 138 83 31 90 4 153 199 146 55 174 174 117 3 98 174 115 148 65 20 138 190 58 165 103 144 154 95 23 40 74 21 31 62 128 89 131 9 81 91 137 31 124 165 47 109 163 101 117 2 88 199 76 19 50 20 103 109 194 137 199 64 78 163
83 80 156 89 94 114 106 121 55 95 30 78 189 179 123 110 141 90 183 12 50 10 23 124 178 157 34 69 55 86 176 121 153 67 101 132 92 37 119 176 8 187 192 41 109 182 42 80 108 131 182 38 124 69 72 146 40 74 186 108 187 164 126 14 47 27 3 68 191 80 146 170 190 118 87 194 75 159
101 112 148 47 179 138 139 132 39 57 92 74 177 1 166 92 99 31 18 125 18 103 154 165 67 111 83 27 84 109 73 172 162 52 137 153 59 114 163 176 189 116 156 108 6 180 28 41 114 75 49 30 9 3 109 79 43 80 198 148 95 156 108 114 28 39 94 88 143 136 152 192 186 172 191 95 103 52 35
mr 111 121 73
qci 86 154
mr 140 160 148
qv 127 113
ar 124 101 137
qts
qci 113 107
qci 125 122
ar 95 115 27
mr 81 104 87
mr 34 109 114
mr 126 128 -46
mr 149 113 19
mr 115 138 193
qv 145 76
mr 96 91 -60
mr 89 93 76
qbs
ar 141 103 176
ar 132 150 16
mr 140 159 71
qts
mr 120 110 64
qts
ap 47 DPO-bot-47 77
qv 130 143
qci 107 46
qts
mr 11 92 -48
mr 87 97 68
ar 121 93 179
qci 155 158
mr 159 106 -1
mr 67 132 168
ar 124 112 142
qci 119 126
mr 30 81 -67
ap 81 DPO-bot-81 184
mr 135 161 -94
qci 8 114
mr 96 124 -16
mr 70 103 -199
ar 148 102 119
mr 121 153 4
mr 124 62 95
qv 123 146
mr 90 134 10
qbs
qci 159 127
mr 75 108 -186
qbs
mr 160 113 168
mr 89 126 41
mr 137 74 105
qci 86 93
mr 123 4 109
mr 96 120 179
qv 99 155
ap 30 DPO-bot-30 191
mr 141 88 -8
mr 95 93 -38
ar 88 108 110
mr 110 115 21
mr 161 13 1
mr 88 37 -69
ar 139 124 1
qv 88 92
ar 99 146 188
ap 11 DPO-bot-11 170
mr 154 82 -192
qbs
mr 106 128 70
qv 161 114
qv 136 116
qbs
qbs
ar 127 89 86
qbs
mr 106 117 -118
mr 132 122 169
ar 77 155 179
mr 137 150 -52
ar 125 155 127
mr 141 82 112
ar 147 139 143
qci 128 125
ap 82 DPO-bot-82 12
qbs
ar 164 113 77
ar 160 115 162
qv 118 108
mr 138 136 -134
ap 31 DPO-bot-31 30
qbs
mr 100 129 -151
mr 156 102 93
qv 150 132
mr 126 139 161
ar 156 108 154
mr 125 96 111
ar 137 161 19
mr 108 99 73
qci 135 67
mr 23 89 -134
mr 159 83 143
ar 119 99 52
mr 105 162 175
ap 45 DPO-bot-45 103
mr 148 121 -140
mr 60 113 177
ar 132 117 2
qv 112 131
mr 102 142 106
mr 125 141 -14
qbs
ap 83 DPO-bot-83 48
mr 88 110 157
mr 93 146 -71
mr 70 115 -200
ar 158 120 83
qbs
ar 143 151 111
ar 110 126 186
mr 52 150 142
mr 148 116 -189
qv 94 161
qbs
qbs
ar 141 127 103
ar 166 137 59
ar 106 141 94
ap 57 DPO-bot-57 60
mr 150 124 -74
qts
qbs
ar 95 80 61
mr 115 166 -117
ar 130 138 32
ap 84 DPO-bot-84 198
ar 115 122 181
qv 104 147
ap 33 DPO-bot-33 28
mr 121 138 -152
mr 130 114 95
qci 137 39
ap 11 DPO-bot-11 170
qv 159 106
qv 140 87
ar 115 129 28
qci 116 85
mr 11 135 -191
ar 115 112 171
ap 85 DPO-bot-85 16
qci 168 92
mr 1 92 -131
qci 122 89
mr 96 108 -50
qbs
mr 93 64 -175
qci 118 154
ap 86 DPO-bot-86 60
ar 152 172 67
mr 121 108 120
ar 91 145 191
qci 143 164
qbs
ap 87 DPO-bot-87 34
qbs
mr 148 94 -73
ap 82 DPO-bot-82 12
ap 88 DPO-bot-88 57
ar 28 94 97
mr 174 18 -147
qbs
qbs
mr 95 22 -99
mr 162 79 188
mr 112 136 0
mr 132 108 -52
mr 171 142 11
qbs
qci 174 123
mr 176 125 -123
ap 89 DPO-bot-89 68
ar 135 52 179
mr 175 166 -158
mr 145 29 148
mr 138 89 -149
mr 99 137 -51
mr 171 95 190
mr 13 95 200
mr 178 170 -15
qci 115 139
qci 8 129
ar 172 164 85
mr 108 126 48
mr 125 175 131
mr 139 115 87
mr 56 173 196
mr 60 136 132
mr 104 125 142
qci 152 156
ar 113 158 84
ar 134 125 84
ar 176 166 16
ar 169 91 16
qci 136 144
mr 128 123 175
mr 148 60 -89
ap 67 DPO-bot-67 187
mr 145 116 -88
mr 157 173 -138
ar 115 14 172
mr 161 146 113
ap 5 DPO-bot-5 57
mr 111 163 188
mr 141 106 53
mr 107 118 -153
ar 120 161 67
mr 112 127 113
qbs
ar 153 173 149
mr 135 137 -76
mr 139 177 181
ap 28 DPO-bot-28 178
mr 100 113 78
mr 133 159 174
qci 127 100
qci 175 103
mr 142 164 138
qbs
mr 100 163 -193
qbs
ap 90 DPO-bot-90 41
ap 30 DPO-bot-30 191
qv 72 104
mr 153 159 161
mr 115 166 -56
ar 88 176 110
ap 77 DPO-bot-77 183
mr 101 117 -194
ar 37 105 200
qci 113 94
ar 125 169 170
qv 133 161
qci 148 146
mr 118 151 99
qv 164 105
qv 105 120
qbs
mr 91 133 182
qci 176 162
mr 121 138 170
mr 101 144 -30
ap 91 DPO-bot-91 118
qci 97 123
qv 170 129
mr 177 65 14
mr 163 22 50
mr 139 128 97
mr 157 175 -26
mr 154 96 1
ar 137 68 8
mr 175 107 -197
ar 125 153 35
mr 89 115 91
ap 92 DPO-bot-92 19
ar 141 147 29
qci 178 96
qbs
ar 104 180 133
qci 95 96
ar 183 175 30
qv 162 112
ap 39 DPO-bot-39 26
qci 173 12
qbs
qts
ap 93 DPO-bot-93 125
qv 120 143
ar 163 108 93
qci 108 157
ar 94 56 111
mr 186 8 198
qci 115 183
mr 164 124 -124
qci 185 118
mr 174 99 -65
qci 110 104
qci 162 128
mr 112 97 106
mr 180 105 -140
mr 173 97 57
qbs
mr 7 162 148
qts
mr 181 152 -89
qv 94 111
mr 101 143 20
ap 76 DPO-bot-76 139
qv 94 98
mr 150 140 18
mr 72 186 -138
mr 121 102 12
mr 184 104 145
ar 155 173 166
mr 143 95 121
mr 108 95 35
mr 109 110 -98
mr 133 150 92
ar 96 73 144
ar 127 158 109
qci 111 133
mr 163 126 -132
qci 133 24
qv 9 151
qv 127 146
qv 155 104
qbs
ap 94 DPO-bot-94 186
ar 109 102 90
qbs
mr 179 150 -19
mr 125 148 -15
ar 174 162 8
qbs
ar 117 179 70
ap 21 DPO-bot-21 184
ar 141 121 56
qci 126 165
mr 103 162 -139
ar 119 161 113
qv 122 6
ar 124 165 108
ar 178 154 193
mr 18 76 175
qbs
qci 146 115
ar 180 127 29
mr 98 146 -150
qbs
mr 183 121 43
qbs
ar 185 176 160
mr 132 175 137
mr 157 121 -107
ar 103 137 66
ap 95 DPO-bot-95 68
mr 190 148 51
qbs
mr 145 85 -134
mr 110 39 -128
mr 124 171 16
mr 188 124 -80
qbs
qbs
mr 97 149 126
qv 167 133
mr 163 105 188
mr 148 137 -1
qbs
mr 109 96 159
mr 114 138 183
mr 149 156 -79
qbs
mr 139 153 181
ap 96 DPO-bot-96 198
qbs
ar 138 109 184
mr 157 155 -77
mr 114 175 -102
mr 117 149 -104
qci 190 148
mr 157 150 50
ar 129 114 48
mr 72 149 122
ar 156 178 95
ar 35 171 78
qci 53 99
qv 149 181
ar 108 182 70
ap 49 DPO-bot-49 61
qci 136 167
qts
mr 105 99 -12
ar 105 173 5
qv 100 174
mr 182 108 157
ar 168 178 189
mr 149 167 -107
ap 28 DPO-bot-28 178
qv 186 12
qci 126 77
ar 85 102 84
ar 189 153 126
mr 165 109 157
qci 159 110
qbs
qv 108 166
ap 97 DPO-bot-97 144
qbs
mr 154 131 33
mr 193 130 128
mr 151 165 -148
ap 98 DPO-bot-98 90
mr 102 155 -80
ap 91 DPO-bot-91 118
ap 99 DPO-bot-99 140
ar 162 145 187
ap 100 DPO-bot-100 77
mr 166 94 -19
ap 40 DPO-bot-40 128
ar 140 164 193
mr 182 18 12
ap 35 DPO-bot-35 69
mr 127 173 156
ap 101 DPO-bot-101 1
qv 163 50
qbs
mr 197 123 -29
qbs
ar 157 183 46
mr 174 191 186
ar 112 104 145
ap 102 DPO-bot-102 2
ap 70 DPO-bot-70 38
mr 155 175 -103
mr 188 186 90
mr 25 186 125
mr 159 193 -35
mr 191 183 41
mr 190 181 -1
mr 121 184 -118
mr 186 185 -179
mr 164 188 159
ar 149 167 19
qv 106 147
mr 157 198 33
ar 59 118 128
qv 128 1
ar 139 172 65
mr 177 156 168
mr 173 177 171
mr 161 156 178
mr 164 172 -127
mr 191 39 -177
mr 181 121 9
mr 186 202 -72
qv 123 123
ap 103 DPO-bot-103 3
qts
ar 75 121 153
ar 144 161 81
ap 104 DPO-bot-104 86
mr 111 133 -23
mr 118 189 127
ar 184 192 149
mr 105 156 -190
mr 118 120 -132
qv 93 184
ar 121 109 137
mr 148 177 159
mr 186 40 108
ar 183 137 199
ar 159 141 193
mr 98 120 -146
mr 177 149 94
qbs
qv 162 51
mr 150 186 129
mr 188 175 50
ar 170 31 136
mr 135 205 174
ar 148 173 86
mr 128 169 44
ap 78 DPO-bot-78 149
qbs
mr 181 181 -136
mr 187 131 133
mr 151 166 179
mr 150 135 -132
ar 179 135 151
qv 173 147
mr 168 171 -153
qbs
ar 202 140 17
ar 202 117 46
qci 182 115
ap 105 DPO-bot-105 178
ap 18 DPO-bot-18 82
qv 197 147
ar 131 149 179
ar 201 193 142
mr 113 113 -162
mr 188 173 88
ap 86 DPO-bot-86 60
mr 198 109 19
qbs
qci 131 136
qv 43 210
mr 209 162 -117
ar 116 130 24
qv 119 179
qbs
mr 199 122 -192
ar 146 116 188
mr 131 200 191
ap 106 DPO-bot-106 172
mr 208 162 200
ar 135 88 24
mr 156 142 197
ap 58 DPO-bot-58 41
ar 140 164 108
mr 144 127 69
qv 189 168
qci 132 183
ar 210 147 12
ar 197 126 154
ar 200 171 91
mr 111 193 106
ap 107 DPO-bot-107 45
ar 120 161 86
qci 117 53
mr 185 206 46
mr 177 55 38
mr 145 133 148
ar 200 45 186
qci 110 161
ar 192 36 142
ar 156 154 119
ap 108 DPO-bot-108 114
mr 197 177 45
mr 190 173 -197
ar 143 157 127
qv 120 157
mr 28 184 -162
mr 128 192 -103
ar 204 173 56
mr 178 140 15
ap 84 DPO-bot-84 198
qv 179 122
qbs
mr 140 38 184
ar 179 135 61
mr 171 169 -60
mr 184 189 122
ap 81 DPO-bot-81 184
mr 136 151 3
mr 167 177 178
ar 166 134 2
qbs
qbs
ar 118 208 89
qci 176 180
qv 59 168
mr 207 157 189
ap 31 DPO-bot-31 30
mr 202 206 197
ar 193 211 32
qci 156 191
mr 132 129 113
qci 173 144
ap 109 DPO-bot-109 77
mr 112 118 47
qbs
ap 110 DPO-bot-110 174
qci 125 125
mr 182 44 -113
mr 217 142 127
mr 215 137 113
ar 176 152 186
qbs
ar 139 138 107
mr 173 114 -7
ar 112 211 21
mr 192 144 -4
ar 207 208 70
mr 169 148 152
qts
mr 130 192 -124
mr 139 38 115
qci 137 158
mr 161 131 -119
qv 114 157
qts
qci 152 197
ar 164 132 167
qv 180 214
mr 180 157 -13
mr 127 160 99
ar 121 117 52
mr 148 166 -7
qbs
mr 183 130 -24
ar 178 136 113
mr 118 205 158
qbs
qci 125 186
mr 132 121 12
ar 145 161 92
mr 114 199 11
mr 51 174 35
ar 207 153 51
mr 184 149 -118
mr 64 89 -61
qbs
mr 215 112 116
qts
mr 124 141 -194
qv 128 175
mr 121 176 -160
mr 133 186 148
qv 181 200
qbs
ap 111 DPO-bot-111 165
ar 202 136 196
qbs
mr 131 174 181
qci 204 79
mr 90 214 -3
mr 175 136 -146
ar 191 173 181
qci 173 203
mr 219 155 -168
qv 36 205
mr 199 125 163
mr 165 172 -179
qci 16 47
ar 165 199 68
mr 151 151 -13
ap 42 DPO-bot-42 62
ap 112 DPO-bot-112 35
mr 217 152 143
mr 145 213 -142
ar 188 65 76
ar 135 183 178
ar 131 110 99
qv 220 162
ap 18 DPO-bot-18 82
qbs
qv 155 126
ap 1 DPO-bot-1 152
qv 154 161
ar 205 66 17
qv 189 155
qbs
mr 79 129 144
ap 113 DPO-bot-113 1
ar 212 192 77
qv 14 213
mr 162 100 -111
ar 142 181 14
mr 168 118 25
mr 131 202 -174
mr 114 184 43
mr 194 125 -47
qv 149 144
ar 183 176 96
mr 157 199 -160
mr 168 187 162
qv 167 219
mr 133 178 188
mr 123 127 101
mr 173 203 78
qbs
mr 174 205 -25
ar 189 131 186
qbs
qv 218 128
qv 180 132
ar 169 220 62
ar 131 104 196
mr 172 181 110
mr 111 157 52
mr 132 205 87
ar 149 215 85
qci 149 201
mr 222 181 -68
ap 114 DPO-bot-114 59
ar 176 153 171
mr 168 127 -102
mr 130 149 -32
qbs
qci 180 195
mr 218 147 -60
mr 226 196 133
ap 115 DPO-bot-115 104
mr 139 228 -115
mr 147 133 4
mr 200 117 42
mr 168 141 182
qts
qbs
ap 116 DPO-bot-116 142
qv 15 62
ap 117 DPO-bot-117 188
mr 205 155 103
mr 203 162 57
ap 118 DPO-bot-118 8
qci 171 157
mr 198 122 -40
qv 210 235
mr 194 228 58
ap 119 DPO-bot-119 60
qci 175 122
ap 120 DPO-bot-120 59
qv 175 194
ar 227 117 182
ar 190 162 144
ap 121 DPO-bot-121 81
mr 197 98 -39
qbs
qv 210 206
ap 122 DPO-bot-122 40
mr 139 196 171
qci 229 165
qbs
ar 208 201 159
qts
ar 162 203 196
mr 199 43 -106
qbs
ar 177 133 95
ar 66 142 105
mr 191 136 -41
mr 219 194 -166
qbs
ar 230 146 107
qci 151 237
ar 198 226 175
ar 214 189 46
ar 181 179 176
qbs
ar 114 240 171
qci 149 98
qci 11 148
qv 227 195
qv 219 191
qci 171 206
ar 205 107 152
qv 240 205
ar 226 204 168
mr 135 167 -114
qci 208 221
mr 189 148 128
ar 141 195 61
qv 129 229
mr 185 134 -45
qts
mr 130 238 31
qci 201 189
ap 123 DPO-bot-123 81
mr 174 165 33
ar 203 124 143
ar 179 232 169
qbs
mr 208 198 -162
mr 193 239 -37
qv 150 133
qv 156 237
mr 138 179 -11
qbs
ar 232 187 21
mr 139 155 -27
ap 124 DPO-bot-124 90
mr 159 160 -85
qbs
ar 133 246 104
qts
mr 175 197 104
qv 179 129
ar 198 164 40
ar 179 126 53
mr 40 77 152
ar 223 158 87
mr 217 181 151
qv 221 211
mr 205 144 77
mr 178 134 -200
qbs
mr 152 217 161
mr 203 127 -187
mr 134 125 174
qv 180 123
ap 97 DPO-bot-97 144
ar 167 196 65
qci 190 146
mr 150 175 -75
mr 173 132 -180
mr 140 191 -166
ap 10 DPO-bot-10 173
mr 203 22 175
qbs
ar 191 210 110
ar 188 72 70
ar 228 233 72
ar 89 172 42
qci 13 158
mr 219 158 133
mr 126 198 -112
mr 187 210 -52
mr 183 135 145
qv 141 149
mr 133 168 -27
mr 207 142 -99
qv 233 197
mr 234 143 66
mr 220 197 -166
ap 117 DPO-bot-117 188
qbs
mr 134 168 169
qbs
mr 209 127 -11
qv 126 237
qbs
qv 231 34
mr 177 239 101
mr 114 235 140
mr 247 125 -98
qv 169 173
qbs
ar 167 124 14
mr 220 234 19
qbs
qbs
qbs
mr 10 175 77
ar 230 213 135
qbs
mr 243 126 116
mr 222 147 141
ar 140 203 51
ar 131 202 200
ar 130 225 132
qci 247 144
qts
ar 170 228 72
ap 13 DPO-bot-13 171
qci 215 37
ap 125 DPO-bot-125 39
mr 229 236 -59
ar 210 158 112
mr 143 239 175
mr 137 158 32
mr 207 165 -49
mr 154 225 -69
mr 208 195 -98
qbs
mr 224 182 135
mr 187 176 10
mr 216 217 63
mr 221 106 -129
ap 126 DPO-bot-126 192
ar 128 209 108
ap 127 DPO-bot-127 159
mr 245 227 1
mr 135 148 -41
mr 128 191 107
mr 183 224 -44
mr 226 183 -102
ap 128 DPO-bot-128 132
mr 236 195 -63
mr 181 202 80
qv 160 239
mr 149 191 101
mr 230 145 -149
qci 181 242
mr 153 244 -64
mr 245 234 192
qbs
mr 173 179 170
ap 129 DPO-bot-129 144
ap 130 DPO-bot-130 65
mr 147 215 -199
ar 259 165 163
qbs
mr 171 254 17
mr 132 233 -112
mr 171 260 80
mr 201 165 2
mr 233 1 -174
qv 164 17
qbs
ap 131 DPO-bot-131 25
qbs
mr 255 191 -21
ap 18 DPO-bot-18 82
qv 213 15
ar 260 219 166
qbs
mr 237 212 -110
mr 213 211 -58
ap 84 DPO-bot-84 198
ap 129 DPO-bot-129 144
mr 133 211 -25
mr 261 247 -148
qci 168 134
ap 112 DPO-bot-112 35
ap 7 DPO-bot-7 56
mr 124 260 -81
ap 132 DPO-bot-132 37
mr 155 236 63
ar 212 155 120
ar 231 129 195
mr 168 223 110
mr 199 210 -192
mr 25 134 -139
ar 165 185 84
ap 133 DPO-bot-133 44
mr 218 260 -50
mr 184 231 187
qbs
qbs
mr 211 150 -43
mr 145 205 -67
mr 7 96 -145
qbs
ap 101 DPO-bot-101 1
qv 177 255
qbs
qv 150 260
ar 173 63 5
qv 236 178
mr 137 169 131
mr 64 259 -47
mr 243 193 188
mr 261 215 -3
mr 138 214 188
ap 134 DPO-bot-134 194
ar 239 204 141
ar 208 225 92
mr 81 180 8
mr 168 210 85
mr 142 186 141
qbs
mr 144 108 2
mr 212 245 134
mr 149 244 -37
ar 175 206 78
mr 139 263 158
mr 228 221 -45
mr 216 252 -18
mr 217 182 -79
ar 155 179 145
mr 218 243 178
qci 165 183
ap 135 DPO-bot-135 168
qv 165 173
qbs
ap 136 DPO-bot-136 197
ar 187 197 111
qv 141 268
mr 248 240 -160
ar 209 221 151
ar 164 172 61
ap 124 DPO-bot-124 90
ar 260 251 68
qbs
mr 233 261 13
ap 110 DPO-bot-110 174
mr 177 176 -11
ar 167 255 102
qbs
mr 193 157 -73
mr 138 190 -75
qci 245 160
mr 185 140 166
ar 141 238 17
qv 143 73
mr 242 260 4
mr 172 223 63
ar 255 259 169
ar 261 241 123
qci 159 234
ar 96 253 53
ar 217 137 181
ar 11 176 137
ap 137 DPO-bot-137 137
ar 268 52 161
qci 138 145
mr 266 194 67
qv 217 189
qci 262 149
mr 270 238 16
mr 184 150 34
ar 181 188 42
ap 134 DPO-bot-134 194
mr 155 240 81
mr 162 228 15
ar 243 252 196
ap 123 DPO-bot-123 81
ar 268 175 15
qbs
mr 190 189 112
mr 145 173 107
ar 196 269 146
qci 188 190
mr 181 193 57
qv 243 148
mr 197 222 156
qci 249 68
mr 253 273 -31
qbs
mr 186 240 147
qci 153 171
mr 152 263 124
qbs
mr 199 245 176
qbs
ar 170 235 69
mr 256 251 -178
ap 138 DPO-bot-138 111
mr 179 208 -79
ar 189 255 5
qci 243 25
mr 145 121 10
ar 238 170 159
qv 212 199
mr 239 248 151
mr 200 239 -16
ap 139 DPO-bot-139 173
mr 256 188 -138
mr 199 233 168
mr 125 49 -143
mr 195 156 -30
mr 152 133 -39
qbs
mr 275 201 92
ar 47 204 89
ar 161 171 9
mr 210 253 177
qbs
ar 179 199 32
mr 148 224 131
ar 178 183 124
qci 275 199
mr 189 228 -151
mr 247 180 -160
mr 151 200 74
qci 251 221
ar 158 241 4
qts
mr 231 242 -59
ar 233 155 180
mr 152 176 -191
mr 236 255 -169
mr 148 186 76
ar 271 197 131
qci 239 178
qv 200 274
qci 206 212
mr 248 266 45
ar 184 227 106
ap 140 DPO-bot-140 165
qci 242 192
mr 150 241 -119
mr 183 201 56
mr 220 175 66
mr 163 225 3
qv 183 238
qv 236 202
ar 187 173 52
mr 27 194 194
mr 16 147 -174
ar 210 270 162
ar 250 269 67
mr 190 183 -26
ap 141 DPO-bot-141 147
mr 271 266 56
ar 179 220 71
mr 217 261 -21
mr 239 227 65
qv 230 268
ar 209 143 39
qci 142 170
mr 18 207 138
qv 160 153
ar 273 176 197
ar 276 180 191
ap 121 DPO-bot-121 81
mr 159 214 -115
ap 79 DPO-bot-79 160
ar 142 270 150
mr 260 199 61
ap 142 DPO-bot-142 174
mr 193 201 -120
mr 242 238 -48
qbs
ap 143 DPO-bot-143 188
qts
qci 237 186
ar 150 154 51
mr 6 221 -117
mr 179 230 -121
ar 189 161 22
mr 204 261 20
mr 267 133 92
mr 163 165 -127
mr 168 49 133
mr 254 165 -104
mr 102 222 56
mr 145 175 -63
ar 148 228 94
qbs
mr 159 160 -112
mr 167 87 150
ar 199 161 108
qv 81 171
mr 206 282 -11
ar 210 148 121
qts
mr 161 158 -182
qbs
mr 215 240 185
ar 264 213 155
mr 206 262 139
mr 274 46 178
ar 163 192 54
mr 174 263 -53
qv 38 21
mr 116 177 147
mr 215 210 -27
mr 191 101 -131
mr 218 184 44
mr 201 270 0
ap 144 DPO-bot-144 71
mr 152 250 88
qci 157 194
ar 255 283 161
ar 217 264 59
qci 267 263
mr 278 168 -116
qbs
qbs
ar 208 279 55
qv 15 246
qv 230 237
mr 228 265 -82
mr 168 204 -68
qv 286 203
qci 222 42
mr 240 160 -105
qv 175 220
ap 145 DPO-bot-145 53
mr 225 246 74
mr 289 178 22
ar 74 217 66
qts
mr 247 251 -103
ar 167 227 84
qbs
ap 146 DPO-bot-146 6
mr 161 221 -97
mr 163 179 -76
mr 256 258 -90
ar 275 211 127
ar 197 220 30
mr 290 157 -100
qci 221 233
mr 219 274 -190
qbs
ar 201 210 8
mr 268 157 195
qbs
mr 238 291 -3
mr 217 289 -38
qci 233 189
ar 152 46 3
ar 201 153 129
qv 252 216
ap 147 DPO-bot-147 13
qv 221 206
ar 173 233 44
qv 222 182
mr 152 210 -95
qbs
qv 256 103
ar 141 285 2
mr 230 275 -184
ap 58 DPO-bot-58 41
mr 264 251 20
qts
ap 148 DPO-bot-148 149
ap 149 DPO-bot-149 34
ar 160 266 159
qbs
ap 150 DPO-bot-150 181
mr 89 198 110
mr 288 189 -179
qv 234 282
mr 11 163 -83
qv 216 170
mr 258 283 -42
ar 216 121 64
mr 271 153 -143
mr 208 227 87
qv 196 298
ap 151 DPO-bot-151 173
qbs
mr 228 237 0
mr 195 46 -7
qv 212 224
qbs
qv 281 158
mr 234 60 113
mr 211 224 112
mr 256 294 -139
ap 146 DPO-bot-146 6
qbs
mr 48 271 46
mr 300 183 76
ap 132 DPO-bot-132 37
qbs
mr 154 170 -45
ar 253 287 158
mr 272 191 95
qbs
qci 224 159
mr 292 197 -37
ap 152 DPO-bot-152 198
mr 273 110 94
qbs
qbs
qv 212 231
mr 207 199 -191
ar 231 152 8
qts
ap 81 DPO-bot-81 184
qv 297 174
qci 190 281
qv 114 175
ap 153 DPO-bot-153 94
ap 113 DPO-bot-113 1
qv 165 239
qci 59 229
ar 272 196 17
qci 234 249
mr 223 288 -165
qv 249 306
mr 259 301 117
mr 225 118 142
mr 217 291 9
mr 286 235 -59
mr 216 231 28
mr 186 110 143
ar 164 147 154
mr 154 250 -164
mr 143 161 -75
qbs
qv 278 264
qts
qts
ar 218 231 144
ap 154 DPO-bot-154 6
ap 155 DPO-bot-155 89
mr 213 273 -1
mr 289 247 -36
ap 67 DPO-bot-67 187
ar 257 225 20
ar 180 295 106
ap 156 DPO-bot-156 83
ar 249 248 154
qbs
mr 264 300 181
mr 210 248 141
mr 268 238 50
ap 96 DPO-bot-96 198
qbs
ap 136 DPO-bot-136 197
ar 255 171 107
mr 260 166 -185
mr 8 241 -191
qbs
qbs
ap 157 DPO-bot-157 2
qci 182 242
mr 261 308 -140
qv 131 306
mr 250 177 -50
qv 41 224
ar 218 191 186
mr 310 80 150
mr 203 161 -69
mr 217 280 180
qts
qbs
mr 308 175 35
qv 281 133
ap 127 DPO-bot-127 159
mr 81 302 170
qv 149 309
ar 306 267 166
mr 98 178 -114
mr 180 276 -170
mr 212 213 120
qci 243 285
mr 175 262 188
qci 161 71
mr 65 225 84
qv 37 252
qci 230 311
ar 312 239 54
mr 250 237 -120
mr 226 254 28
mr 256 121 -4
mr 302 219 -24
mr 299 158 -103
mr 195 44 4
qci 227 287
mr 307 178 -174
ar 159 265 183
qci 310 249
qci 205 103
ap 158 DPO-bot-158 1
mr 223 184 6
mr 197 194 -96
ap 159 DPO-bot-159 157
ap 160 DPO-bot-160 90
ar 305 314 60
mr 301 92 -157
mr 165 145 -141
qci 294 215
ar 283 272 177
qbs
ar 309 211 183
ar 300 295 191
mr 177 174 171
ar 211 137 200
ar 1 316 102
ap 161 DPO-bot-161 124
mr 259 299 -131
qbs
mr 214 229 128
mr 200 311 82
qv 38 89
mr 206 246 57
mr 204 234 135
mr 185 275 188
qci 183 235
mr 212 239 198
mr 176 211 -155
qci 188 304
mr 236 218 46
qbs
ar 183 276 119
mr 163 234 9
ar 245 247 2
ar 223 216 77
qts
ap 162 DPO-bot-162 100
mr 289 247 15
mr 293 300 -181
qv 195 307
ar 253 310 94
mr 222 291 -179
qv 232 242
qbs
mr 279 170 105
qci 292 221
qv 269 322
ar 307 244 108
mr 267 110 -188
mr 285 107 -35
qbs
qv 100 322
mr 163 264 -159
mr 167 151 151
mr 299 311 -31
ar 209 281 26
ar 163 250 153
ap 163 DPO-bot-163 77
mr 104 238 -196
qv 322 309
mr 244 219 -51
ar 139 305 81
mr 210 301 2
mr 321 322 -193
qbs
mr 180 222 62
ar 52 318 194
ar 182 232 120
ar 282 49 82
ar 280 171 72
qv 273 242
qci 174 322
qv 193 229
mr 234 317 -119
mr 276 207 -175
qci 312 285
mr 318 316 -190
ap 19 DPO-bot-19 30
mr 244 216 -199
mr 189 212 93
mr 259 298 55
ar 250 242 164
mr 236 166 -137
mr 168 224 -96
qbs
qci 199 182
mr 191 242 150
mr 315 271 -77
ar 305 201 35
qci 235 295
ar 310 298 148
ar 97 292 199
mr 164 98 -58
ar 174 252 163
mr 173 186 141
mr 308 317 -140
mr 288 204 -151
ar 196 287 94
mr 292 189 170
ap 79 DPO-bot-79 160
ap 10 DPO-bot-10 173
ar 313 317 2
qv 244 201
ap 81 DPO-bot-81 184
mr 216 250 62
mr 258 241 188
ap 164 DPO-bot-164 43
qci 307 289
qv 243 232
mr 165 301 -182
qv 186 103
ar 288 249 109
mr 325 245 77
mr 276 211 144
qbs
ar 288 254 106
qts
ar 289 224 101
mr 192 169 -76
ar 177 248 29
mr 208 286 -96
qbs
ar 166 317 137
mr 288 287 -81
mr 44 266 -86
mr 304 195 -113
ar 186 310 160
qci 272 327
mr 221 264 -162
mr 183 310 -31
ap 165 DPO-bot-165 178
ap 166 DPO-bot-166 187
mr 298 219 -138
mr 264 185 104
mr 238 255 -171
mr 283 195 64
mr 311 327 68
mr 262 180 -93
qv 3 203
mr 224 175 1
qbs
mr 28 79 -175
mr 303 183 4
mr 303 285 -162
ar 35 253 39
ap 167 DPO-bot-167 200
ar 280 236 81
qv 209 233
ar 301 231 42
mr 182 198 28
mr 113 173 17
ar 202 173 5
ar 266 291 180
mr 248 187 -64
mr 199 294 28
mr 222 330 -179
mr 31 280 -153
mr 290 234 143
mr 87 321 81
ar 143 220 112
ar 234 146 132
mr 179 198 62
qv 262 75
qv 192 195
ar 252 239 6
ap 168 DPO-bot-168 195
mr 226 246 66
mr 245 224 -25
ar 180 198 170
mr 131 263 -173
qv 248 183
mr 290 258 -94
qbs
