ln 100
0 1 2 3 4 5 6 7 8 9 10 11 12 13 14 15 16 17 18 19 20 21 22 23 24 25 26 27 28 29 30 31 32 33 34 35 36 37 38 39 40 41 42 43 44 45 46 47 48 49 50 51 52 53 54 55 56 57 58 59 60 61 62 63 64 65 66 67 68 69 70 71 72 73 74 75 76 77 78 79 80 81 82 83 84 85 86 87 88 89 90 91 92 93 94 95 96 97 98 99 
0 1 2 3 4 5 6 7 8 9 10 11 12 13 14 15 16 17 18 19 20 21 22 23 24 25 26 27 28 29 30 31 32 33 34 35 36 37 38 39 40 41 42 43 44 45 46 47 48 49 50 51 52 53 54 55 56 57 58 59 60 61 62 63 64 65 66 67 68 69 70 71 72 73 74 75 76 77 78 79 80 81 82 83 84 85 86 87 88 89 90 91 92 93 94 95 96 97 98 99 
1 2 3 4 5 6 7 8 9 10 11 12 13 14 15 16 17 18 19 20 21 22 23 24 25 26 27 28 29 30 31 32 33 34 35 36 37 38 39 40 41 42 43 44 45 46 47 48 49 50 51 52 53 54 55 56 57 58 59 60 61 62 63 64 65 66 67 68 69 70 71 72 73 74 75 76 77 78 79 80 81 82 83 84 85 86 87 88 89 90 91 92 93 94 95 96 97 98 99 100 
100 
100 100 
100 100 100 
100 100 100 100 
100 100 100 100 100 
100 100 100 100 100 100 
100 100 100 100 100 100 100 
100 100 100 100 100 100 100 100 
100 100 100 100 100 100 100 100 100 
100 100 100 100 100 100 100 100 100 100 
100 100 100 100 100 100 100 100 100 100 100 
100 100 100 100 100 100 100 100 100 100 100 100 
100 100 100 100 100 100 100 100 100 100 100 100 100 
100 100 100 100 100 100 100 100 100 100 100 100 100 100 
100 100 100 100 100 100 100 100 100 100 100 100 100 100 100 
100 100 100 100 100 100 100 100 100 100 100 100 100 100 100 100 
100 100 100 100 100 100 100 100 100 100 100 100 100 100 100 100 100 
100 100 100 100 100 100 100 100 100 100 100 100 100 100 100 100 100 100 
100 100 100 100 100 100 100 100 100 100 100 100 100 100 100 100 100 100 100 
100 100 100 100 100 100 100 100 100 100 100 100 100 100 100 100 100 100 100 100 
100 100 100 100 100 100 100 100 100 100 100 100 100 100 100 100 100 100 100 100 100 
100 100 100 100 100 100 100 100 100 100 100 100 100 100 100 100 100 100 100 100 100 100 
100 100 100 100 100 100 100 100 100 100 100 100 100 100 100 100 100 100 100 100 100 100 100 
100 100 100 100 100 100 100 100 100 100 100 100 100 100 100 100 100 100 100 100 100 100 100 100 
100 100 100 100 100 100 100 100 100 100 100 100 100 100 100 100 100 100 100 100 100 100 100 100 100 
100 100 100 100 100 100 100 100 100 100 100 100 100 100 100 100 100 100 100 100 100 100 100 100 100 100 
100 100 100 100 100 100 100 100 100 100 100 100 100 100 100 100 100 100 100 100 100 100 100 100 100 100 100 
100 100 100 100 100 100 100 100 100 100 100 100 100 100 100 100 100 100 100 100 100 100 100 100 100 100 100 100 
100 100 100 100 100 100 100 100 100 100 100 100 100 100 100 100 100 100 100 100 100 100 100 100 100 100 100 100 100 
100 100 100 100 100 100 100 100 100 100 100 100 100 100 100 100 100 100 100 100 100 100 100 100 100 100 100 100 100 100 
100 100 100 100 100 100 100 100 100 100 100 100 100 100 100 100 100 100 100 100 100 100 100 100 100 100 100 100 100 100 100 
100 100 100 100 100 100 100 100 100 100 100 100 100 100 100 100 100 100 100 100 100 100 100 100 100 100 100 100 100 100 100 100 
100 100 100 100 100 100 100 100 100 100 100 100 100 100 100 100 100 100 100 100 100 100 100 100 100 100 100 100 100 100 100 100 100 
100 100 100 100 100 100 100 100 100 100 100 100 100 100 100 100 100 100 100 100 100 100 100 100 100 100 100 100 100 100 100 100 100 100 
100 100 100 100 100 100 100 100 100 100 100 100 100 100 100 100 100 100 100 100 100 100 100 100 100 100 100 100 100 100 100 100 100 100 100 
100 100 100 100 100 100 100 100 100 100 100 100 100 100 100 100 100 100 100 100 100 100 100 100 100 100 100 100 100 100 100 100 100 100 100 100 
100 100 100 100 100 100 100 100 100 100 100 100 100 100 100 100 100 100 100 100 100 100 100 100 100 100 100 100 100 100 100 100 100 100 100 100 100 
100 100 100 100 100 100 100 100 100 100 100 100 100 100 100 100 100 100 100 100 100 100 100 100 100 100 100 100 100 100 100 100 100 100 100 100 100 100 
100 100 100 100 100 100 100 100 100 100 100 100 100 100 100 100 100 100 100 100 100 100 100 100 100 100 100 100 100 100 100 100 100 100 100 100 100 100 100 
100 100 100 100 100 100 100 100 100 100 100 100 100 100 100 100 100 100 100 100 100 100 100 100 100 100 100 100 100 100 100 100 100 100 100 100 100 100 100 100 
100 100 100 100 100 100 100 100 100 100 100 100 100 100 100 100 100 100 100 100 100 100 100 100 100 100 100 100 100 100 100 100 100 100 100 100 100 100 100 100 100 
100 100 100 100 100 100 100 100 100 100 100 100 100 100 100 100 100 100 100 100 100 100 100 100 100 100 100 100 100 100 100 100 100 100 100 100 100 100 100 100 100 100 
100 100 100 100 100 100 100 100 100 100 100 100 100 100 100 100 100 100 100 100 100 100 100 100 100 100 100 100 100 100 100 100 100 100 100 100 100 100 100 100 100 100 100 
100 100 100 100 100 100 100 100 100 100 100 100 100 100 100 100 100 100 100 100 100 100 100 100 100 100 100 100 100 100 100 100 100 100 100 100 100 100 100 100 100 100 100 100 
100 100 100 100 100 100 100 100 100 100 100 100 100 100 100 100 100 100 100 100 100 100 100 100 100 100 100 100 100 100 100 100 100 100 100 100 100 100 100 100 100 100 100 100 100 
100 100 100 100 100 100 100 100 100 100 100 100 100 100 100 100 100 100 100 100 100 100 100 100 100 100 100 100 100 100 100 100 100 100 100 100 100 100 100 100 100 100 100 100 100 100 
100 100 100 100 100 100 100 100 100 100 100 100 100 100 100 100 100 100 100 100 100 100 100 100 100 100 100 100 100 100 100 100 100 100 100 100 100 100 100 100 100 100 100 100 100 100 100 
100 100 100 100 100 100 100 100 100 100 100 100 100 100 100 100 100 100 100 100 100 100 100 100 100 100 100 100 100 100 100 100 100 100 100 100 100 100 100 100 100 100 100 100 100 100 100 100 
100 100 100 100 100 100 100 100 100 100 100 100 100 100 100 100 100 100 100 100 100 100 100 100 100 100 100 100 100 100 100 100 100 100 100 100 100 100 100 100 100 100 100 100 100 100 100 100 100 
100 100 100 100 100 100 100 100 100 100 100 100 100 100 100 100 100 100 100 100 100 100 100 100 100 100 100 100 100 100 100 100 100 100 100 100 100 100 100 100 100 100 100 100 100 100 100 100 100 100 
100 100 100 100 100 100 100 100 100 100 100 100 100 100 100 100 100 100 100 100 100 100 100 100 100 100 100 100 100 100 100 100 100 100 100 100 100 100 100 100 100 100 100 100 100 100 100 100 100 100 100 
100 100 100 100 100 100 100 100 100 100 100 100 100 100 100 100 100 100 100 100 100 100 100 100 100 100 100 100 100 100 100 100 100 100 100 100 100 100 100 100 100 100 100 100 100 100 100 100 100 100 100 100 
100 100 100 100 100 100 100 100 100 100 100 100 100 100 100 100 100 100 100 100 100 100 100 100 100 100 100 100 100 100 100 100 100 100 100 100 100 100 100 100 100 100 100 100 100 100 100 100 100 100 100 100 100 
100 100 100 100 100 100 100 100 100 100 100 100 100 100 100 100 100 100 100 100 100 100 100 100 100 100 100 100 100 100 100 100 100 100 100 100 100 100 100 100 100 100 100 100 100 100 100 100 100 100 100 100 100 100 
100 100 100 100 100 100 100 100 100 100 100 100 100 100 100 100 100 100 100 100 100 100 100 100 100 100 100 100 100 100 100 100 100 100 100 100 100 100 100 100 100 100 100 100 100 100 100 100 100 100 100 100 100 100 100 
100 100 100 100 100 100 100 100 100 100 100 100 100 100 100 100 100 100 100 100 100 100 100 100 100 100 100 100 100 100 100 100 100 100 100 100 100 100 100 100 100 100 100 100 100 100 100 100 100 100 100 100 100 100 100 100 
100 100 100 100 100 100 100 100 100 100 100 100 100 100 100 100 100 100 100 100 100 100 100 100 100 100 100 100 100 100 100 100 100 100 100 100 100 100 100 100 100 100 100 100 100 100 100 100 100 100 100 100 100 100 100 100 100 
100 100 100 100 100 100 100 100 100 100 100 100 100 100 100 100 100 100 100 100 100 100 100 100 100 100 100 100 100 100 100 100 100 100 100 100 100 100 100 100 100 100 100 100 100 100 100 100 100 100 100 100 100 100 100 100 100 100 
100 100 100 100 100 100 100 100 100 100 100 100 100 100 100 100 100 100 100 100 100 100 100 100 100 100 100 100 100 100 100 100 100 100 100 100 100 100 100 100 100 100 100 100 100 100 100 100 100 100 100 100 100 100 100 100 100 100 100 
100 100 100 100 100 100 100 100 100 100 100 100 100 100 100 100 100 100 100 100 100 100 100 100 100 100 100 100 100 100 100 100 100 100 100 100 100 100 100 100 100 100 100 100 100 100 100 100 100 100 100 100 100 100 100 100 100 100 100 100 
100 100 100 100 100 100 100 100 100 100 100 100 100 100 100 100 100 100 100 100 100 100 100 100 100 100 100 100 100 100 100 100 100 100 100 100 100 100 100 100 100 100 100 100 100 100 100 100 100 100 100 100 100 100 100 100 100 100 100 100 100 
100 100 100 100 100 100 100 100 100 100 100 100 100 100 100 100 100 100 100 100 100 100 100 100 100 100 100 100 100 100 100 100 100 100 100 100 100 100 100 100 100 100 100 100 100 100 100 100 100 100 100 100 100 100 100 100 100 100 100 100 100 100 
100 100 100 100 100 100 100 100 100 100 100 100 100 100 100 100 100 100 100 100 100 100 100 100 100 100 100 100 100 100 100 100 100 100 100 100 100 100 100 100 100 100 100 100 100 100 100 100 100 100 100 100 100 100 100 100 100 100 100 100 100 100 100 
100 100 100 100 100 100 100 100 100 100 100 100 100 100 100 100 100 100 100 100 100 100 100 100 100 100 100 100 100 100 100 100 100 100 100 100 100 100 100 100 100 100 100 100 100 100 100 100 100 100 100 100 100 100 100 100 100 100 100 100 100 100 100 100 
100 100 100 100 100 100 100 100 100 100 100 100 100 100 100 100 100 100 100 100 100 100 100 100 100 100 100 100 100 100 100 100 100 100 100 100 100 100 100 100 100 100 100 100 100 100 100 100 100 100 100 100 100 100 100 100 100 100 100 100 100 100 100 100 100 
100 100 100 100 100 100 100 100 100 100 100 100 100 100 100 100 100 100 100 100 100 100 100 100 100 100 100 100 100 100 100 100 100 100 100 100 100 100 100 100 100 100 100 100 100 100 100 100 100 100 100 100 100 100 100 100 100 100 100 100 100 100 100 100 100 100 
100 100 100 100 100 100 100 100 100 100 100 100 100 100 100 100 100 100 100 100 100 100 100 100 100 100 100 100 100 100 100 100 100 100 100 100 100 100 100 100 100 100 100 100 100 100 100 100 100 100 100 100 100 100 100 100 100 100 100 100 100 100 100 100 100 100 100 
100 100 100 100 100 100 100 100 100 100 100 100 100 100 100 100 100 100 100 100 100 100 100 100 100 100 100 100 100 100 100 100 100 100 100 100 100 100 100 100 100 100 100 100 100 100 100 100 100 100 100 100 100 100 100 100 100 100 100 100 100 100 100 100 100 100 100 100 
100 100 100 100 100 100 100 100 100 100 100 100 100 100 100 100 100 100 100 100 100 100 100 100 100 100 100 100 100 100 100 100 100 100 100 100 100 100 100 100 100 100 100 100 100 100 100 100 100 100 100 100 100 100 100 100 100 100 100 100 100 100 100 100 100 100 100 100 100 
100 100 100 100 100 100 100 100 100 100 100 100 100 100 100 100 100 100 100 100 100 100 100 100 100 100 100 100 100 100 100 100 100 100 100 100 100 100 100 100 100 100 100 100 100 100 100 100 100 100 100 100 100 100 100 100 100 100 100 100 100 100 100 100 100 100 100 100 100 100 
100 100 100 100 100 100 100 100 100 100 100 100 100 100 100 100 100 100 100 100 100 100 100 100 100 100 100 100 100 100 100 100 100 100 100 100 100 100 100 100 100 100 100 100 100 100 100 100 100 100 100 100 100 100 100 100 100 100 100 100 100 100 100 100 100 100 100 100 100 100 100 
100 100 100 100 100 100 100 100 100 100 100 100 100 100 100 100 100 100 100 100 100 100 100 100 100 100 100 100 100 100 100 100 100 100 100 100 100 100 100 100 100 100 100 100 100 100 100 100 100 100 100 100 100 100 100 100 100 100 100 100 100 100 100 100 100 100 100 100 100 100 100 100 
100 100 100 100 100 100 100 100 100 100 100 100 100 100 100 100 100 100 100 100 100 100 100 100 100 100 100 100 100 100 100 100 100 100 100 100 100 100 100 100 100 100 100 100 100 100 100 100 100 100 100 100 100 100 100 100 100 100 100 100 100 100 100 100 100 100 100 100 100 100 100 100 100 
100 100 100 100 100 100 100 100 100 100 100 100 100 100 100 100 100 100 100 100 100 100 100 100 100 100 100 100 100 100 100 100 100 100 100 100 100 100 100 100 100 100 100 100 100 100 100 100 100 100 100 100 100 100 100 100 100 100 100 100 100 100 100 100 100 100 100 100 100 100 100 100 100 100 
100 100 100 100 100 100 100 100 100 100 100 100 100 100 100 100 100 100 100 100 100 100 100 100 100 100 100 100 100 100 100 100 100 100 100 100 100 100 100 100 100 100 100 100 100 100 100 100 100 100 100 100 100 100 100 100 100 100 100 100 100 100 100 100 100 100 100 100 100 100 100 100 100 100 100 
100 100 100 100 100 100 100 100 100 100 100 100 100 100 100 100 100 100 100 100 100 100 100 100 100 100 100 100 100 100 100 100 100 100 100 100 100 100 100 100 100 100 100 100 100 100 100 100 100 100 100 100 100 100 100 100 100 100 100 100 100 100 100 100 100 100 100 100 100 100 100 100 100 100 100 100 
100 100 100 100 100 100 100 100 100 100 100 100 100 100 100 100 100 100 100 100 100 100 100 100 100 100 100 100 100 100 100 100 100 100 100 100 100 100 100 100 100 100 100 100 100 100 100 100 100 100 100 100 100 100 100 100 100 100 100 100 100 100 100 100 100 100 100 100 100 100 100 100 100 100 100 100 100 
100 100 100 100 100 100 100 100 100 100 100 100 100 100 100 100 100 100 100 100 100 100 100 100 100 100 100 100 100 100 100 100 100 100 100 100 100 100 100 100 100 100 100 100 100 100 100 100 100 100 100 100 100 100 100 100 100 100 100 100 100 100 100 100 100 100 100 100 100 100 100 100 100 100 100 100 100 100 
100 100 100 100 100 100 100 100 100 100 100 100 100 100 100 100 100 100 100 100 100 100 100 100 100 100 100 100 100 100 100 100 100 100 100 100 100 100 100 100 100 100 100 100 100 100 100 100 100 100 100 100 100 100 100 100 100 100 100 100 100 100 100 100 100 100 100 100 100 100 100 100 100 100 100 100 100 100 100 
100 100 100 100 100 100 100 100 100 100 100 100 100 100 100 100 100 100 100 100 100 100 100 100 100 100 100 100 100 100 100 100 100 100 100 100 100 100 100 100 100 100 100 100 100 100 100 100 100 100 100 100 100 100 100 100 100 100 100 100 100 100 100 100 100 100 100 100 100 100 100 100 100 100 100 100 100 100 100 100 
100 100 100 100 100 100 100 100 100 100 100 100 100 100 100 100 100 100 100 100 100 100 100 100 100 100 100 100 100 100 100 100 100 100 100 100 100 100 100 100 100 100 100 100 100 100 100 100 100 100 100 100 100 100 100 100 100 100 100 100 100 100 100 100 100 100 100 100 100 100 100 100 100 100 100 100 100 100 100 100 100 
100 100 100 100 100 100 100 100 100 100 100 100 100 100 100 100 100 100 100 100 100 100 100 100 100 100 100 100 100 100 100 100 100 100 100 100 100 100 100 100 100 100 100 100 100 100 100 100 100 100 100 100 100 100 100 100 100 100 100 100 100 100 100 100 100 100 100 100 100 100 100 100 100 100 100 100 100 100 100 100 100 100 
100 100 100 100 100 100 100 100 100 100 100 100 100 100 100 100 100 100 100 100 100 100 100 100 100 100 100 100 100 100 100 100 100 100 100 100 100 100 100 100 100 100 100 100 100 100 100 100 100 100 100 100 100 100 100 100 100 100 100 100 100 100 100 100 100 100 100 100 100 100 100 100 100 100 100 100 100 100 100 100 100 100 100 
100 100 100 100 100 100 100 100 100 100 100 100 100 100 100 100 100 100 100 100 100 100 100 100 100 100 100 100 100 100 100 100 100 100 100 100 100 100 100 100 100 100 100 100 100 100 100 100 100 100 100 100 100 100 100 100 100 100 100 100 100 100 100 100 100 100 100 100 100 100 100 100 100 100 100 100 100 100 100 100 100 100 100 100 
100 100 100 100 100 100 100 100 100 100 100 100 100 100 100 100 100 100 100 100 100 100 100 100 100 100 100 100 100 100 100 100 100 100 100 100 100 100 100 100 100 100 100 100 100 100 100 100 100 100 100 100 100 100 100 100 100 100 100 100 100 100 100 100 100 100 100 100 100 100 100 100 100 100 100 100 100 100 100 100 100 100 100 100 100 
100 100 100 100 100 100 100 100 100 100 100 100 100 100 100 100 100 100 100 100 100 100 100 100 100 100 100 100 100 100 100 100 100 100 100 100 100 100 100 100 100 100 100 100 100 100 100 100 100 100 100 100 100 100 100 100 100 100 100 100 100 100 100 100 100 100 100 100 100 100 100 100 100 100 100 100 100 100 100 100 100 100 100 100 100 100 
100 100 100 100 100 100 100 100 100 100 100 100 100 100 100 100 100 100 100 100 100 100 100 100 100 100 100 100 100 100 100 100 100 100 100 100 100 100 100 100 100 100 100 100 100 100 100 100 100 100 100 100 100 100 100 100 100 100 100 100 100 100 100 100 100 100 100 100 100 100 100 100 100 100 100 100 100 100 100 100 100 100 100 100 100 100 100 
100 100 100 100 100 100 100 100 100 100 100 100 100 100 100 100 100 100 100 100 100 100 100 100 100 100 100 100 100 100 100 100 100 100 100 100 100 100 100 100 100 100 100 100 100 100 100 100 100 100 100 100 100 100 100 100 100 100 100 100 100 100 100 100 100 100 100 100 100 100 100 100 100 100 100 100 100 100 100 100 100 100 100 100 100 100 100 100 
100 100 100 100 100 100 100 100 100 100 100 100 100 100 100 100 100 100 100 100 100 100 100 100 100 100 100 100 100 100 100 100 100 100 100 100 100 100 100 100 100 100 100 100 100 100 100 100 100 100 100 100 100 100 100 100 100 100 100 100 100 100 100 100 100 100 100 100 100 100 100 100 100 100 100 100 100 100 100 100 100 100 100 100 100 100 100 100 100 
100 100 100 100 100 100 100 100 100 100 100 100 100 100 100 100 100 100 100 100 100 100 100 100 100 100 100 100 100 100 100 100 100 100 100 100 100 100 100 100 100 100 100 100 100 100 100 100 100 100 100 100 100 100 100 100 100 100 100 100 100 100 100 100 100 100 100 100 100 100 100 100 100 100 100 100 100 100 100 100 100 100 100 100 100 100 100 100 100 100 
100 100 100 100 100 100 100 100 100 100 100 100 100 100 100 100 100 100 100 100 100 100 100 100 100 100 100 100 100 100 100 100 100 100 100 100 100 100 100 100 100 100 100 100 100 100 100 100 100 100 100 100 100 100 100 100 100 100 100 100 100 100 100 100 100 100 100 100 100 100 100 100 100 100 100 100 100 100 100 100 100 100 100 100 100 100 100 100 100 100 100 
100 100 100 100 100 100 100 100 100 100 100 100 100 100 100 100 100 100 100 100 100 100 100 100 100 100 100 100 100 100 100 100 100 100 100 100 100 100 100 100 100 100 100 100 100 100 100 100 100 100 100 100 100 100 100 100 100 100 100 100 100 100 100 100 100 100 100 100 100 100 100 100 100 100 100 100 100 100 100 100 100 100 100 100 100 100 100 100 100 100 100 100 
100 100 100 100 100 100 100 100 100 100 100 100 100 100 100 100 100 100 100 100 100 100 100 100 100 100 100 100 100 100 100 100 100 100 100 100 100 100 100 100 100 100 100 100 100 100 100 100 100 100 100 100 100 100 100 100 100 100 100 100 100 100 100 100 100 100 100 100 100 100 100 100 100 100 100 100 100 100 100 100 100 100 100 100 100 100 100 100 100 100 100 100 100 
100 100 100 100 100 100 100 100 100 100 100 100 100 100 100 100 100 100 100 100 100 100 100 100 100 100 100 100 100 100 100 100 100 100 100 100 100 100 100 100 100 100 100 100 100 100 100 100 100 100 100 100 100 100 100 100 100 100 100 100 100 100 100 100 100 100 100 100 100 100 100 100 100 100 100 100 100 100 100 100 100 100 100 100 100 100 100 100 100 100 100 100 100 100 
100 100 100 100 100 100 100 100 100 100 100 100 100 100 100 100 100 100 100 100 100 100 100 100 100 100 100 100 100 100 100 100 100 100 100 100 100 100 100 100 100 100 100 100 100 100 100 100 100 100 100 100 100 100 100 100 100 100 100 100 100 100 100 100 100 100 100 100 100 100 100 100 100 100 100 100 100 100 100 100 100 100 100 100 100 100 100 100 100 100 100 100 100 100 100 
100 100 100 100 100 100 100 100 100 100 100 100 100 100 100 100 100 100 100 100 100 100 100 100 100 100 100 100 100 100 100 100 100 100 100 100 100 100 100 100 100 100 100 100 100 100 100 100 100 100 100 100 100 100 100 100 100 100 100 100 100 100 100 100 100 100 100 100 100 100 100 100 100 100 100 100 100 100 100 100 100 100 100 100 100 100 100 100 100 100 100 100 100 100 100 100 
100 100 100 100 100 100 100 100 100 100 100 100 100 100 100 100 100 100 100 100 100 100 100 100 100 100 100 100 100 100 100 100 100 100 100 100 100 100 100 100 100 100 100 100 100 100 100 100 100 100 100 100 100 100 100 100 100 100 100 100 100 100 100 100 100 100 100 100 100 100 100 100 100 100 100 100 100 100 100 100 100 100 100 100 100 100 100 100 100 100 100 100 100 100 100 100 100 
100 100 100 100 100 100 100 100 100 100 100 100 100 100 100 100 100 100 100 100 100 100 100 100 100 100 100 100 100 100 100 100 100 100 100 100 100 100 100 100 100 100 100 100 100 100 100 100 100 100 100 100 100 100 100 100 100 100 100 100 100 100 100 100 100 100 100 100 100 100 100 100 100 100 100 100 100 100 100 100 100 100 100 100 100 100 100 100 100 100 100 100 100 100 100 100 100 100 
100 100 100 100 100 100 100 100 100 100 100 100 100 100 100 100 100 100 100 100 100 100 100 100 100 100 100 100 100 100 100 100 100 100 100 100 100 100 100 100 100 100 100 100 100 100 100 100 100 100 100 100 100 100 100 100 100 100 100 100 100 100 100 100 100 100 100 100 100 100 100 100 100 100 100 100 100 100 100 100 100 100 100 100 100 100 100 100 100 100 100 100 100 100 100 100 100 100 100 
mr 0 1 -200
mr 0 2 -200
mr 0 3 -200
mr 0 4 -200
mr 0 5 -200
mr 0 6 -200
mr 0 7 -200
mr 0 8 -200
mr 0 9 -200
mr 0 10 -200
mr 0 11 -200
mr 0 12 -200
mr 0 13 -200
mr 0 14 -200
mr 0 15 -200
mr 0 16 -200
mr 0 17 -200
mr 0 18 -200
mr 0 19 -200
mr 0 20 -200
mr 0 21 -200
mr 0 22 -200
mr 0 23 -200
mr 0 24 -200
mr 0 25 -200
mr 0 26 -200
mr 0 27 -200
mr 0 28 -200
mr 0 29 -200
mr 0 30 -200
mr 0 31 -200
mr 0 32 -200
mr 0 33 -200
mr 0 34 -200
mr 0 35 -200
mr 0 36 -200
mr 0 37 -200
mr 0 38 -200
mr 0 39 -200
mr 0 40 -200
mr 0 41 -200
mr 0 42 -200
mr 0 43 -200
mr 0 44 -200
mr 0 45 -200
mr 0 46 -200
mr 0 47 -200
mr 0 48 -200
mr 0 49 -200
mr 0 50 -200
mr 0 51 -200
mr 0 52 -200
mr 0 53 -200
mr 0 54 -200
mr 0 55 -200
mr 0 56 -200
mr 0 57 -200
mr 0 58 -200
mr 0 59 -200
mr 0 60 -200
mr 0 61 -200
mr 0 62 -200
mr 0 63 -200
mr 0 64 -200
mr 0 65 -200
mr 0 66 -200
mr 0 67 -200
mr 0 68 -200
mr 0 69 -200
mr 0 70 -200
mr 0 71 -200
mr 0 72 -200
mr 0 73 -200
mr 0 74 -200
mr 0 75 -200
mr 0 76 -200
mr 0 77 -200
mr 0 78 -200
mr 0 79 -200
mr 0 80 -200
mr 0 81 -200
mr 0 82 -200
mr 0 83 -200
mr 0 84 -200
mr 0 85 -200
mr 0 86 -200
mr 0 87 -200
mr 0 88 -200
mr 0 89 -200
mr 0 90 -200
mr 0 91 -200
mr 0 92 -200
mr 0 93 -200
mr 0 94 -200
mr 0 95 -200
mr 0 96 -200
mr 0 97 -200
mr 0 98 -200
mr 0 99 -200
mr 1 2 -200
mr 1 3 -200
mr 1 4 -200
mr 1 5 -200
mr 1 6 -200
mr 1 7 -200
mr 1 8 -200
mr 1 9 -200
mr 1 10 -200
mr 1 11 -200
mr 1 12 -200
mr 1 13 -200
mr 1 14 -200
mr 1 15 -200
mr 1 16 -200
mr 1 17 -200
mr 1 18 -200
mr 1 19 -200
mr 1 20 -200
mr 1 21 -200
mr 1 22 -200
mr 1 23 -200
mr 1 24 -200
mr 1 25 -200
mr 1 26 -200
mr 1 27 -200
mr 1 28 -200
mr 1 29 -200
mr 1 30 -200
mr 1 31 -200
mr 1 32 -200
mr 1 33 -200
mr 1 34 -200
mr 1 35 -200
mr 1 36 -200
mr 1 37 -200
mr 1 38 -200
mr 1 39 -200
mr 1 40 -200
mr 1 41 -200
mr 1 42 -200
mr 1 43 -200
mr 1 44 -200
mr 1 45 -200
mr 1 46 -200
mr 1 47 -200
mr 1 48 -200
mr 1 49 -200
mr 1 50 -200
mr 1 51 -200
mr 1 52 -200
mr 1 53 -200
mr 1 54 -200
mr 1 55 -200
mr 1 56 -200
mr 1 57 -200
mr 1 58 -200
mr 1 59 -200
mr 1 60 -200
mr 1 61 -200
mr 1 62 -200
mr 1 63 -200
mr 1 64 -200
mr 1 65 -200
mr 1 66 -200
mr 1 67 -200
mr 1 68 -200
mr 1 69 -200
mr 1 70 -200
mr 1 71 -200
mr 1 72 -200
mr 1 73 -200
mr 1 74 -200
mr 1 75 -200
mr 1 76 -200
mr 1 77 -200
mr 1 78 -200
mr 1 79 -200
mr 1 80 -200
mr 1 81 -200
mr 1 82 -200
mr 1 83 -200
mr 1 84 -200
mr 1 85 -200
mr 1 86 -200
mr 1 87 -200
mr 1 88 -200
mr 1 89 -200
mr 1 90 -200
mr 1 91 -200
mr 1 92 -200
mr 1 93 -200
mr 1 94 -200
mr 1 95 -200
mr 1 96 -200
mr 1 97 -200
mr 1 98 -200
mr 1 99 -200
mr 2 3 -200
mr 2 4 -200
mr 2 5 -200
mr 2 6 -200
mr 2 7 -200
mr 2 8 -200
mr 2 9 -200
mr 2 10 -200
mr 2 11 -200
mr 2 12 -200
mr 2 13 -200
mr 2 14 -200
mr 2 15 -200
mr 2 16 -200
mr 2 17 -200
mr 2 18 -200
mr 2 19 -200
mr 2 20 -200
mr 2 21 -200
mr 2 22 -200
mr 2 23 -200
mr 2 24 -200
mr 2 25 -200
mr 2 26 -200
mr 2 27 -200
mr 2 28 -200
mr 2 29 -200
mr 2 30 -200
mr 2 31 -200
mr 2 32 -200
mr 2 33 -200
mr 2 34 -200
mr 2 35 -200
mr 2 36 -200
mr 2 37 -200
mr 2 38 -200
mr 2 39 -200
mr 2 40 -200
mr 2 41 -200
mr 2 42 -200
mr 2 43 -200
mr 2 44 -200
mr 2 45 -200
mr 2 46 -200
mr 2 47 -200
mr 2 48 -200
mr 2 49 -200
mr 2 50 -200
mr 2 51 -200
mr 2 52 -200
mr 2 53 -200
mr 2 54 -200
mr 2 55 -200
mr 2 56 -200
mr 2 57 -200
mr 2 58 -200
mr 2 59 -200
mr 2 60 -200
mr 2 61 -200
mr 2 62 -200
mr 2 63 -200
mr 2 64 -200
mr 2 65 -200
mr 2 66 -200
mr 2 67 -200
mr 2 68 -200
mr 2 69 -200
mr 2 70 -200
mr 2 71 -200
mr 2 72 -200
mr 2 73 -200
mr 2 74 -200
mr 2 75 -200
mr 2 76 -200
mr 2 77 -200
mr 2 78 -200
mr 2 79 -200
mr 2 80 -200
mr 2 81 -200
mr 2 82 -200
mr 2 83 -200
mr 2 84 -200
mr 2 85 -200
mr 2 86 -200
mr 2 87 -200
mr 2 88 -200
mr 2 89 -200
mr 2 90 -200
mr 2 91 -200
mr 2 92 -200
mr 2 93 -200
mr 2 94 -200
mr 2 95 -200
mr 2 96 -200
mr 2 97 -200
mr 2 98 -200
mr 2 99 -200
mr 3 4 -200
mr 3 5 -200
mr 3 6 -200
mr 3 7 -200
mr 3 8 -200
mr 3 9 -200
mr 3 10 -200
mr 3 11 -200
mr 3 12 -200
mr 3 13 -200
mr 3 14 -200
mr 3 15 -200
mr 3 16 -200
mr 3 17 -200
mr 3 18 -200
mr 3 19 -200
mr 3 20 -200
mr 3 21 -200
mr 3 22 -200
mr 3 23 -200
mr 3 24 -200
mr 3 25 -200
mr 3 26 -200
mr 3 27 -200
mr 3 28 -200
mr 3 29 -200
mr 3 30 -200
mr 3 31 -200
mr 3 32 -200
mr 3 33 -200
mr 3 34 -200
mr 3 35 -200
mr 3 36 -200
mr 3 37 -200
mr 3 38 -200
mr 3 39 -200
mr 3 40 -200
mr 3 41 -200
mr 3 42 -200
mr 3 43 -200
mr 3 44 -200
mr 3 45 -200
mr 3 46 -200
mr 3 47 -200
mr 3 48 -200
mr 3 49 -200
mr 3 50 -200
mr 3 51 -200
mr 3 52 -200
mr 3 53 -200
mr 3 54 -200
mr 3 55 -200
mr 3 56 -200
mr 3 57 -200
mr 3 58 -200
mr 3 59 -200
mr 3 60 -200
mr 3 61 -200
mr 3 62 -200
mr 3 63 -200
mr 3 64 -200
mr 3 65 -200
mr 3 66 -200
mr 3 67 -200
mr 3 68 -200
mr 3 69 -200
mr 3 70 -200
mr 3 71 -200
mr 3 72 -200
mr 3 73 -200
mr 3 74 -200
mr 3 75 -200
mr 3 76 -200
mr 3 77 -200
mr 3 78 -200
mr 3 79 -200
mr 3 80 -200
mr 3 81 -200
mr 3 82 -200
mr 3 83 -200
mr 3 84 -200
mr 3 85 -200
mr 3 86 -200
mr 3 87 -200
mr 3 88 -200
mr 3 89 -200
mr 3 90 -200
mr 3 91 -200
mr 3 92 -200
mr 3 93 -200
mr 3 94 -200
mr 3 95 -200
mr 3 96 -200
mr 3 97 -200
mr 3 98 -200
mr 3 99 -200
mr 4 5 -200
mr 4 6 -200
mr 4 7 -200
mr 4 8 -200
mr 4 9 -200
mr 4 10 -200
mr 4 11 -200
mr 4 12 -200
mr 4 13 -200
mr 4 14 -200
mr 4 15 -200
mr 4 16 -200
mr 4 17 -200
mr 4 18 -200
mr 4 19 -200
mr 4 20 -200
mr 4 21 -200
mr 4 22 -200
mr 4 23 -200
mr 4 24 -200
mr 4 25 -200
mr 4 26 -200
mr 4 27 -200
mr 4 28 -200
mr 4 29 -200
mr 4 30 -200
mr 4 31 -200
mr 4 32 -200
mr 4 33 -200
mr 4 34 -200
mr 4 35 -200
mr 4 36 -200
mr 4 37 -200
mr 4 38 -200
mr 4 39 -200
mr 4 40 -200
mr 4 41 -200
mr 4 42 -200
mr 4 43 -200
mr 4 44 -200
mr 4 45 -200
mr 4 46 -200
mr 4 47 -200
mr 4 48 -200
mr 4 49 -200
mr 4 50 -200
mr 4 51 -200
mr 4 52 -200
mr 4 53 -200
mr 4 54 -200
mr 4 55 -200
mr 4 56 -200
mr 4 57 -200
mr 4 58 -200
mr 4 59 -200
mr 4 60 -200
mr 4 61 -200
mr 4 62 -200
mr 4 63 -200
mr 4 64 -200
mr 4 65 -200
mr 4 66 -200
mr 4 67 -200
mr 4 68 -200
mr 4 69 -200
mr 4 70 -200
mr 4 71 -200
mr 4 72 -200
mr 4 73 -200
mr 4 74 -200
mr 4 75 -200
mr 4 76 -200
mr 4 77 -200
mr 4 78 -200
mr 4 79 -200
mr 4 80 -200
mr 4 81 -200
mr 4 82 -200
mr 4 83 -200
mr 4 84 -200
mr 4 85 -200
mr 4 86 -200
mr 4 87 -200
mr 4 88 -200
mr 4 89 -200
mr 4 90 -200
mr 4 91 -200
mr 4 92 -200
mr 4 93 -200
mr 4 94 -200
mr 4 95 -200
mr 4 96 -200
mr 4 97 -200
mr 4 98 -200
mr 4 99 -200
mr 5 6 -200
mr 5 7 -200
mr 5 8 -200
mr 5 9 -200
mr 5 10 -200
mr 5 11 -200
mr 5 12 -200
mr 5 13 -200
mr 5 14 -200
mr 5 15 -200
mr 5 16 -200
mr 5 17 -200
mr 5 18 -200
mr 5 19 -200
mr 5 20 -200
mr 5 21 -200
mr 5 22 -200
mr 5 23 -200
mr 5 24 -200
mr 5 25 -200
mr 5 26 -200
mr 5 27 -200
mr 5 28 -200
mr 5 29 -200
mr 5 30 -200
mr 5 31 -200
mr 5 32 -200
mr 5 33 -200
mr 5 34 -200
mr 5 35 -200
mr 5 36 -200
mr 5 37 -200
mr 5 38 -200
mr 5 39 -200
mr 5 40 -200
mr 5 41 -200
mr 5 42 -200
mr 5 43 -200
mr 5 44 -200
mr 5 45 -200
mr 5 46 -200
mr 5 47 -200
mr 5 48 -200
mr 5 49 -200
mr 5 50 -200
mr 5 51 -200
mr 5 52 -200
mr 5 53 -200
mr 5 54 -200
mr 5 55 -200
mr 5 56 -200
mr 5 57 -200
mr 5 58 -200
mr 5 59 -200
mr 5 60 -200
mr 5 61 -200
mr 5 62 -200
mr 5 63 -200
mr 5 64 -200
mr 5 65 -200
mr 5 66 -200
mr 5 67 -200
mr 5 68 -200
mr 5 69 -200
mr 5 70 -200
mr 5 71 -200
mr 5 72 -200
mr 5 73 -200
mr 5 74 -200
mr 5 75 -200
mr 5 76 -200
mr 5 77 -200
mr 5 78 -200
mr 5 79 -200
mr 5 80 -200
mr 5 81 -200
mr 5 82 -200
mr 5 83 -200
mr 5 84 -200
mr 5 85 -200
mr 5 86 -200
mr 5 87 -200
mr 5 88 -200
mr 5 89 -200
mr 5 90 -200
mr 5 91 -200
mr 5 92 -200
mr 5 93 -200
mr 5 94 -200
mr 5 95 -200
mr 5 96 -200
mr 5 97 -200
mr 5 98 -200
mr 5 99 -200
mr 6 7 -200
mr 6 8 -200
mr 6 9 -200
mr 6 10 -200
mr 6 11 -200
mr 6 12 -200
mr 6 13 -200
mr 6 14 -200
mr 6 15 -200
mr 6 16 -200
mr 6 17 -200
mr 6 18 -200
mr 6 19 -200
mr 6 20 -200
mr 6 21 -200
mr 6 22 -200
mr 6 23 -200
mr 6 24 -200
mr 6 25 -200
mr 6 26 -200
mr 6 27 -200
mr 6 28 -200
mr 6 29 -200
mr 6 30 -200
mr 6 31 -200
mr 6 32 -200
mr 6 33 -200
mr 6 34 -200
mr 6 35 -200
mr 6 36 -200
mr 6 37 -200
mr 6 38 -200
mr 6 39 -200
mr 6 40 -200
mr 6 41 -200
mr 6 42 -200
mr 6 43 -200
mr 6 44 -200
mr 6 45 -200
mr 6 46 -200
mr 6 47 -200
mr 6 48 -200
mr 6 49 -200
mr 6 50 -200
mr 6 51 -200
mr 6 52 -200
mr 6 53 -200
mr 6 54 -200
mr 6 55 -200
mr 6 56 -200
mr 6 57 -200
mr 6 58 -200
mr 6 59 -200
mr 6 60 -200
mr 6 61 -200
mr 6 62 -200
mr 6 63 -200
mr 6 64 -200
mr 6 65 -200
mr 6 66 -200
mr 6 67 -200
mr 6 68 -200
mr 6 69 -200
mr 6 70 -200
mr 6 71 -200
mr 6 72 -200
mr 6 73 -200
mr 6 74 -200
mr 6 75 -200
mr 6 76 -200
mr 6 77 -200
mr 6 78 -200
mr 6 79 -200
mr 6 80 -200
mr 6 81 -200
mr 6 82 -200
mr 6 83 -200
mr 6 84 -200
mr 6 85 -200
mr 6 86 -200
mr 6 87 -200
mr 6 88 -200
mr 6 89 -200
mr 6 90 -200
mr 6 91 -200
mr 6 92 -200
mr 6 93 -200
mr 6 94 -200
mr 6 95 -200
mr 6 96 -200
mr 6 97 -200
mr 6 98 -200
mr 6 99 -200
mr 7 8 -200
mr 7 9 -200
mr 7 10 -200
mr 7 11 -200
mr 7 12 -200
mr 7 13 -200
mr 7 14 -200
mr 7 15 -200
mr 7 16 -200
mr 7 17 -200
mr 7 18 -200
mr 7 19 -200
mr 7 20 -200
mr 7 21 -200
mr 7 22 -200
mr 7 23 -200
mr 7 24 -200
mr 7 25 -200
mr 7 26 -200
mr 7 27 -200
mr 7 28 -200
mr 7 29 -200
mr 7 30 -200
mr 7 31 -200
mr 7 32 -200
mr 7 33 -200
mr 7 34 -200
mr 7 35 -200
mr 7 36 -200
mr 7 37 -200
mr 7 38 -200
mr 7 39 -200
mr 7 40 -200
mr 7 41 -200
mr 7 42 -200
mr 7 43 -200
mr 7 44 -200
mr 7 45 -200
mr 7 46 -200
mr 7 47 -200
mr 7 48 -200
mr 7 49 -200
mr 7 50 -200
mr 7 51 -200
mr 7 52 -200
mr 7 53 -200
mr 7 54 -200
mr 7 55 -200
mr 7 56 -200
mr 7 57 -200
mr 7 58 -200
mr 7 59 -200
mr 7 60 -200
mr 7 61 -200
mr 7 62 -200
mr 7 63 -200
mr 7 64 -200
mr 7 65 -200
mr 7 66 -200
mr 7 67 -200
mr 7 68 -200
mr 7 69 -200
mr 7 70 -200
mr 7 71 -200
mr 7 72 -200
mr 7 73 -200
mr 7 74 -200
mr 7 75 -200
mr 7 76 -200
mr 7 77 -200
mr 7 78 -200
mr 7 79 -200
mr 7 80 -200
mr 7 81 -200
mr 7 82 -200
mr 7 83 -200
mr 7 84 -200
mr 7 85 -200
mr 7 86 -200
mr 7 87 -200
mr 7 88 -200
mr 7 89 -200
mr 7 90 -200
mr 7 91 -200
mr 7 92 -200
mr 7 93 -200
mr 7 94 -200
mr 7 95 -200
mr 7 96 -200
mr 7 97 -200
mr 7 98 -200
mr 7 99 -200
mr 8 9 -200
mr 8 10 -200
mr 8 11 -200
mr 8 12 -200
mr 8 13 -200
mr 8 14 -200
mr 8 15 -200
mr 8 16 -200
mr 8 17 -200
mr 8 18 -200
mr 8 19 -200
mr 8 20 -200
mr 8 21 -200
mr 8 22 -200
mr 8 23 -200
mr 8 24 -200
mr 8 25 -200
mr 8 26 -200
mr 8 27 -200
mr 8 28 -200
mr 8 29 -200
mr 8 30 -200
mr 8 31 -200
mr 8 32 -200
mr 8 33 -200
mr 8 34 -200
mr 8 35 -200
mr 8 36 -200
mr 8 37 -200
mr 8 38 -200
mr 8 39 -200
mr 8 40 -200
mr 8 41 -200
mr 8 42 -200
mr 8 43 -200
mr 8 44 -200
mr 8 45 -200
mr 8 46 -200
mr 8 47 -200
mr 8 48 -200
mr 8 49 -200
mr 8 50 -200
mr 8 51 -200
mr 8 52 -200
mr 8 53 -200
mr 8 54 -200
mr 8 55 -200
mr 8 56 -200
mr 8 57 -200
mr 8 58 -200
mr 8 59 -200
mr 8 60 -200
mr 8 61 -200
mr 8 62 -200
mr 8 63 -200
mr 8 64 -200
mr 8 65 -200
mr 8 66 -200
mr 8 67 -200
mr 8 68 -200
mr 8 69 -200
mr 8 70 -200
mr 8 71 -200
mr 8 72 -200
mr 8 73 -200
mr 8 74 -200
mr 8 75 -200
mr 8 76 -200
mr 8 77 -200
mr 8 78 -200
mr 8 79 -200
mr 8 80 -200
mr 8 81 -200
mr 8 82 -200
mr 8 83 -200
mr 8 84 -200
mr 8 85 -200
mr 8 86 -200
mr 8 87 -200
mr 8 88 -200
mr 8 89 -200
mr 8 90 -200
mr 8 91 -200
mr 8 92 -200
mr 8 93 -200
mr 8 94 -200
mr 8 95 -200
mr 8 96 -200
mr 8 97 -200
mr 8 98 -200
mr 8 99 -200
mr 9 10 -200
mr 9 11 -200
mr 9 12 -200
mr 9 13 -200
mr 9 14 -200
mr 9 15 -200
mr 9 16 -200
mr 9 17 -200
mr 9 18 -200
mr 9 19 -200
mr 9 20 -200
mr 9 21 -200
mr 9 22 -200
mr 9 23 -200
mr 9 24 -200
mr 9 25 -200
mr 9 26 -200
mr 9 27 -200
mr 9 28 -200
mr 9 29 -200
mr 9 30 -200
mr 9 31 -200
mr 9 32 -200
mr 9 33 -200
mr 9 34 -200
mr 9 35 -200
mr 9 36 -200
mr 9 37 -200
mr 9 38 -200
mr 9 39 -200
mr 9 40 -200
mr 9 41 -200
mr 9 42 -200
mr 9 43 -200
mr 9 44 -200
mr 9 45 -200
mr 9 46 -200
mr 9 47 -200
mr 9 48 -200
mr 9 49 -200
mr 9 50 -200
mr 9 51 -200
mr 9 52 -200
mr 9 53 -200
mr 9 54 -200
mr 9 55 -200
mr 9 56 -200
mr 9 57 -200
mr 9 58 -200
mr 9 59 -200
mr 9 60 -200
mr 9 61 -200
mr 9 62 -200
mr 9 63 -200
mr 9 64 -200
mr 9 65 -200
mr 9 66 -200
mr 9 67 -200
mr 9 68 -200
mr 9 69 -200
mr 9 70 -200
mr 9 71 -200
mr 9 72 -200
mr 9 73 -200
mr 9 74 -200
mr 9 75 -200
mr 9 76 -200
mr 9 77 -200
mr 9 78 -200
mr 9 79 -200
mr 9 80 -200
mr 9 81 -200
mr 9 82 -200
mr 9 83 -200
mr 9 84 -200
mr 9 85 -200
mr 9 86 -200
mr 9 87 -200
mr 9 88 -200
mr 9 89 -200
mr 9 90 -200
mr 9 91 -200
mr 9 92 -200
mr 9 93 -200
mr 9 94 -200
mr 9 95 -200
mr 9 96 -200
mr 9 97 -200
mr 9 98 -200
mr 9 99 -200
mr 10 11 -200
mr 10 12 -200
mr 10 13 -200
mr 10 14 -200
mr 10 15 -200
mr 10 16 -200
mr 10 17 -200
mr 10 18 -200
mr 10 19 -200
mr 10 20 -200
mr 10 21 -200
mr 10 22 -200
mr 10 23 -200
mr 10 24 -200
mr 10 25 -200
mr 10 26 -200
mr 10 27 -200
mr 10 28 -200
mr 10 29 -200
mr 10 30 -200
mr 10 31 -200
mr 10 32 -200
mr 10 33 -200
mr 10 34 -200
mr 10 35 -200
mr 10 36 -200
mr 10 37 -200
mr 10 38 -200
mr 10 39 -200
mr 10 40 -200
mr 10 41 -200
mr 10 42 -200
mr 10 43 -200
mr 10 44 -200
mr 10 45 -200
mr 10 46 -200
mr 10 47 -200
mr 10 48 -200
mr 10 49 -200
mr 10 50 -200
mr 10 51 -200
mr 10 52 -200
mr 10 53 -200
mr 10 54 -200
mr 10 55 -200
mr 10 56 -200
mr 10 57 -200
mr 10 58 -200
mr 10 59 -200
mr 10 60 -200
mr 10 61 -200
mr 10 62 -200
mr 10 63 -200
mr 10 64 -200
mr 10 65 -200
mr 10 66 -200
mr 10 67 -200
mr 10 68 -200
mr 10 69 -200
mr 10 70 -200
mr 10 71 -200
mr 10 72 -200
mr 10 73 -200
mr 10 74 -200
mr 10 75 -200
mr 10 76 -200
mr 10 77 -200
mr 10 78 -200
mr 10 79 -200
mr 10 80 -200
mr 10 81 -200
mr 10 82 -200
mr 10 83 -200
mr 10 84 -200
mr 10 85 -200
mr 10 86 -200
mr 10 87 -200
mr 10 88 -200
mr 10 89 -200
mr 10 90 -200
mr 10 91 -200
mr 10 92 -200
mr 10 93 -200
mr 10 94 -200
mr 10 95 -200
mr 10 96 -200
mr 10 97 -200
mr 10 98 -200
mr 10 99 -200
mr 11 12 -200
mr 11 13 -200
mr 11 14 -200
mr 11 15 -200
mr 11 16 -200
mr 11 17 -200
mr 11 18 -200
mr 11 19 -200
mr 11 20 -200
mr 11 21 -200
mr 11 22 -200
mr 11 23 -200
mr 11 24 -200
mr 11 25 -200
mr 11 26 -200
mr 11 27 -200
mr 11 28 -200
mr 11 29 -200
mr 11 30 -200
mr 11 31 -200
mr 11 32 -200
mr 11 33 -200
mr 11 34 -200
mr 11 35 -200
mr 11 36 -200
mr 11 37 -200
mr 11 38 -200
mr 11 39 -200
mr 11 40 -200
mr 11 41 -200
mr 11 42 -200
mr 11 43 -200
mr 11 44 -200
mr 11 45 -200
mr 11 46 -200
mr 11 47 -200
mr 11 48 -200
mr 11 49 -200
mr 11 50 -200
mr 11 51 -200
mr 11 52 -200
mr 11 53 -200
mr 11 54 -200
mr 11 55 -200
mr 11 56 -200
mr 11 57 -200
mr 11 58 -200
mr 11 59 -200
mr 11 60 -200
mr 11 61 -200
mr 11 62 -200
mr 11 63 -200
mr 11 64 -200
mr 11 65 -200
mr 11 66 -200
mr 11 67 -200
mr 11 68 -200
mr 11 69 -200
mr 11 70 -200
mr 11 71 -200
mr 11 72 -200
mr 11 73 -200
mr 11 74 -200
mr 11 75 -200
mr 11 76 -200
mr 11 77 -200
mr 11 78 -200
mr 11 79 -200
mr 11 80 -200
mr 11 81 -200
mr 11 82 -200
mr 11 83 -200
mr 11 84 -200
mr 11 85 -200
mr 11 86 -200
mr 11 87 -200
mr 11 88 -200
mr 11 89 -200
mr 11 90 -200
mr 11 91 -200
mr 11 92 -200
mr 11 93 -200
mr 11 94 -200
mr 11 95 -200
mr 11 96 -200
mr 11 97 -200
mr 11 98 -200
mr 11 99 -200
mr 12 13 -200
mr 12 14 -200
mr 12 15 -200
mr 12 16 -200
mr 12 17 -200
mr 12 18 -200
mr 12 19 -200
mr 12 20 -200
mr 12 21 -200
mr 12 22 -200
mr 12 23 -200
mr 12 24 -200
mr 12 25 -200
mr 12 26 -200
mr 12 27 -200
mr 12 28 -200
mr 12 29 -200
mr 12 30 -200
mr 12 31 -200
mr 12 32 -200
mr 12 33 -200
mr 12 34 -200
mr 12 35 -200
mr 12 36 -200
mr 12 37 -200
mr 12 38 -200
mr 12 39 -200
mr 12 40 -200
mr 12 41 -200
mr 12 42 -200
mr 12 43 -200
mr 12 44 -200
mr 12 45 -200
mr 12 46 -200
mr 12 47 -200
mr 12 48 -200
mr 12 49 -200
mr 12 50 -200
mr 12 51 -200
mr 12 52 -200
mr 12 53 -200
mr 12 54 -200
mr 12 55 -200
mr 12 56 -200
mr 12 57 -200
mr 12 58 -200
mr 12 59 -200
mr 12 60 -200
mr 12 61 -200
mr 12 62 -200
mr 12 63 -200
mr 12 64 -200
mr 12 65 -200
mr 12 66 -200
mr 12 67 -200
mr 12 68 -200
mr 12 69 -200
mr 12 70 -200
mr 12 71 -200
mr 12 72 -200
mr 12 73 -200
mr 12 74 -200
mr 12 75 -200
mr 12 76 -200
mr 12 77 -200
mr 12 78 -200
mr 12 79 -200
mr 12 80 -200
mr 12 81 -200
mr 12 82 -200
mr 12 83 -200
mr 12 84 -200
mr 12 85 -200
mr 12 86 -200
mr 12 87 -200
mr 12 88 -200
mr 12 89 -200
mr 12 90 -200
mr 12 91 -200
mr 12 92 -200
mr 12 93 -200
mr 12 94 -200
mr 12 95 -200
mr 12 96 -200
mr 12 97 -200
mr 12 98 -200
mr 12 99 -200
mr 13 14 -200
mr 13 15 -200
mr 13 16 -200
mr 13 17 -200
mr 13 18 -200
mr 13 19 -200
mr 13 20 -200
mr 13 21 -200
mr 13 22 -200
mr 13 23 -200
mr 13 24 -200
mr 13 25 -200
mr 13 26 -200
mr 13 27 -200
mr 13 28 -200
mr 13 29 -200
mr 13 30 -200
mr 13 31 -200
mr 13 32 -200
mr 13 33 -200
mr 13 34 -200
mr 13 35 -200
mr 13 36 -200
mr 13 37 -200
mr 13 38 -200
mr 13 39 -200
mr 13 40 -200
mr 13 41 -200
mr 13 42 -200
mr 13 43 -200
mr 13 44 -200
mr 13 45 -200
mr 13 46 -200
mr 13 47 -200
mr 13 48 -200
mr 13 49 -200
mr 13 50 -200
mr 13 51 -200
mr 13 52 -200
mr 13 53 -200
mr 13 54 -200
mr 13 55 -200
mr 13 56 -200
mr 13 57 -200
mr 13 58 -200
mr 13 59 -200
mr 13 60 -200
mr 13 61 -200
mr 13 62 -200
mr 13 63 -200
mr 13 64 -200
mr 13 65 -200
mr 13 66 -200
mr 13 67 -200
mr 13 68 -200
mr 13 69 -200
mr 13 70 -200
mr 13 71 -200
mr 13 72 -200
mr 13 73 -200
mr 13 74 -200
mr 13 75 -200
mr 13 76 -200
mr 13 77 -200
mr 13 78 -200
mr 13 79 -200
mr 13 80 -200
mr 13 81 -200
mr 13 82 -200
mr 13 83 -200
mr 13 84 -200
mr 13 85 -200
mr 13 86 -200
mr 13 87 -200
mr 13 88 -200
mr 13 89 -200
mr 13 90 -200
mr 13 91 -200
mr 13 92 -200
mr 13 93 -200
mr 13 94 -200
mr 13 95 -200
mr 13 96 -200
mr 13 97 -200
mr 13 98 -200
mr 13 99 -200
mr 14 15 -200
mr 14 16 -200
mr 14 17 -200
mr 14 18 -200
mr 14 19 -200
mr 14 20 -200
mr 14 21 -200
mr 14 22 -200
mr 14 23 -200
mr 14 24 -200
mr 14 25 -200
mr 14 26 -200
mr 14 27 -200
mr 14 28 -200
mr 14 29 -200
mr 14 30 -200
mr 14 31 -200
mr 14 32 -200
mr 14 33 -200
mr 14 34 -200
mr 14 35 -200
mr 14 36 -200
mr 14 37 -200
mr 14 38 -200
mr 14 39 -200
mr 14 40 -200
mr 14 41 -200
mr 14 42 -200
mr 14 43 -200
mr 14 44 -200
mr 14 45 -200
mr 14 46 -200
mr 14 47 -200
mr 14 48 -200
mr 14 49 -200
mr 14 50 -200
mr 14 51 -200
mr 14 52 -200
mr 14 53 -200
mr 14 54 -200
mr 14 55 -200
mr 14 56 -200
mr 14 57 -200
mr 14 58 -200
mr 14 59 -200
mr 14 60 -200
mr 14 61 -200
mr 14 62 -200
mr 14 63 -200
mr 14 64 -200
mr 14 65 -200
mr 14 66 -200
mr 14 67 -200
mr 14 68 -200
mr 14 69 -200
mr 14 70 -200
mr 14 71 -200
mr 14 72 -200
mr 14 73 -200
mr 14 74 -200
mr 14 75 -200
mr 14 76 -200
mr 14 77 -200
mr 14 78 -200
mr 14 79 -200
mr 14 80 -200
mr 14 81 -200
mr 14 82 -200
mr 14 83 -200
mr 14 84 -200
mr 14 85 -200
mr 14 86 -200
mr 14 87 -200
mr 14 88 -200
mr 14 89 -200
mr 14 90 -200
mr 14 91 -200
mr 14 92 -200
mr 14 93 -200
mr 14 94 -200
mr 14 95 -200
mr 14 96 -200
mr 14 97 -200
mr 14 98 -200
mr 14 99 -200
mr 15 16 -200
mr 15 17 -200
mr 15 18 -200
mr 15 19 -200
mr 15 20 -200
mr 15 21 -200
mr 15 22 -200
mr 15 23 -200
mr 15 24 -200
mr 15 25 -200
mr 15 26 -200
mr 15 27 -200
mr 15 28 -200
mr 15 29 -200
mr 15 30 -200
mr 15 31 -200
mr 15 32 -200
mr 15 33 -200
mr 15 34 -200
mr 15 35 -200
mr 15 36 -200
mr 15 37 -200
mr 15 38 -200
mr 15 39 -200
mr 15 40 -200
mr 15 41 -200
mr 15 42 -200
mr 15 43 -200
mr 15 44 -200
mr 15 45 -200
mr 15 46 -200
mr 15 47 -200
mr 15 48 -200
mr 15 49 -200
mr 15 50 -200
mr 15 51 -200
mr 15 52 -200
mr 15 53 -200
mr 15 54 -200
mr 15 55 -200
mr 15 56 -200
mr 15 57 -200
mr 15 58 -200
mr 15 59 -200
mr 15 60 -200
mr 15 61 -200
mr 15 62 -200
mr 15 63 -200
mr 15 64 -200
mr 15 65 -200
mr 15 66 -200
mr 15 67 -200
mr 15 68 -200
mr 15 69 -200
mr 15 70 -200
mr 15 71 -200
mr 15 72 -200
mr 15 73 -200
mr 15 74 -200
mr 15 75 -200
mr 15 76 -200
mr 15 77 -200
mr 15 78 -200
mr 15 79 -200
mr 15 80 -200
mr 15 81 -200
mr 15 82 -200
mr 15 83 -200
mr 15 84 -200
mr 15 85 -200
mr 15 86 -200
mr 15 87 -200
mr 15 88 -200
mr 15 89 -200
mr 15 90 -200
mr 15 91 -200
mr 15 92 -200
mr 15 93 -200
mr 15 94 -200
mr 15 95 -200
mr 15 96 -200
mr 15 97 -200
mr 15 98 -200
mr 15 99 -200
mr 16 17 -200
mr 16 18 -200
mr 16 19 -200
mr 16 20 -200
mr 16 21 -200
mr 16 22 -200
mr 16 23 -200
mr 16 24 -200
mr 16 25 -200
mr 16 26 -200
mr 16 27 -200
mr 16 28 -200
mr 16 29 -200
mr 16 30 -200
mr 16 31 -200
mr 16 32 -200
mr 16 33 -200
mr 16 34 -200
mr 16 35 -200
mr 16 36 -200
mr 16 37 -200
mr 16 38 -200
mr 16 39 -200
mr 16 40 -200
mr 16 41 -200
mr 16 42 -200
mr 16 43 -200
mr 16 44 -200
mr 16 45 -200
mr 16 46 -200
mr 16 47 -200
mr 16 48 -200
mr 16 49 -200
mr 16 50 -200
mr 16 51 -200
mr 16 52 -200
mr 16 53 -200
mr 16 54 -200
mr 16 55 -200
mr 16 56 -200
mr 16 57 -200
mr 16 58 -200
mr 16 59 -200
mr 16 60 -200
mr 16 61 -200
mr 16 62 -200
mr 16 63 -200
mr 16 64 -200
mr 16 65 -200
mr 16 66 -200
mr 16 67 -200
mr 16 68 -200
mr 16 69 -200
mr 16 70 -200
mr 16 71 -200
mr 16 72 -200
mr 16 73 -200
mr 16 74 -200
mr 16 75 -200
mr 16 76 -200
mr 16 77 -200
mr 16 78 -200
mr 16 79 -200
mr 16 80 -200
mr 16 81 -200
mr 16 82 -200
mr 16 83 -200
mr 16 84 -200
mr 16 85 -200
mr 16 86 -200
mr 16 87 -200
mr 16 88 -200
mr 16 89 -200
mr 16 90 -200
mr 16 91 -200
mr 16 92 -200
mr 16 93 -200
mr 16 94 -200
mr 16 95 -200
mr 16 96 -200
mr 16 97 -200
mr 16 98 -200
mr 16 99 -200
mr 17 18 -200
mr 17 19 -200
mr 17 20 -200
mr 17 21 -200
mr 17 22 -200
mr 17 23 -200
mr 17 24 -200
mr 17 25 -200
mr 17 26 -200
mr 17 27 -200
mr 17 28 -200
mr 17 29 -200
mr 17 30 -200
mr 17 31 -200
mr 17 32 -200
mr 17 33 -200
mr 17 34 -200
mr 17 35 -200
mr 17 36 -200
mr 17 37 -200
mr 17 38 -200
mr 17 39 -200
mr 17 40 -200
mr 17 41 -200
mr 17 42 -200
mr 17 43 -200
mr 17 44 -200
mr 17 45 -200
mr 17 46 -200
mr 17 47 -200
mr 17 48 -200
mr 17 49 -200
mr 17 50 -200
mr 17 51 -200
mr 17 52 -200
mr 17 53 -200
mr 17 54 -200
mr 17 55 -200
mr 17 56 -200
mr 17 57 -200
mr 17 58 -200
mr 17 59 -200
mr 17 60 -200
mr 17 61 -200
mr 17 62 -200
mr 17 63 -200
mr 17 64 -200
mr 17 65 -200
mr 17 66 -200
mr 17 67 -200
mr 17 68 -200
mr 17 69 -200
mr 17 70 -200
mr 17 71 -200
mr 17 72 -200
mr 17 73 -200
mr 17 74 -200
mr 17 75 -200
mr 17 76 -200
mr 17 77 -200
mr 17 78 -200
mr 17 79 -200
mr 17 80 -200
mr 17 81 -200
mr 17 82 -200
mr 17 83 -200
mr 17 84 -200
mr 17 85 -200
mr 17 86 -200
mr 17 87 -200
mr 17 88 -200
mr 17 89 -200
mr 17 90 -200
mr 17 91 -200
mr 17 92 -200
mr 17 93 -200
mr 17 94 -200
mr 17 95 -200
mr 17 96 -200
mr 17 97 -200
mr 17 98 -200
mr 17 99 -200
mr 18 19 -200
mr 18 20 -200
mr 18 21 -200
mr 18 22 -200
mr 18 23 -200
mr 18 24 -200
mr 18 25 -200
mr 18 26 -200
mr 18 27 -200
mr 18 28 -200
mr 18 29 -200
mr 18 30 -200
mr 18 31 -200
mr 18 32 -200
mr 18 33 -200
mr 18 34 -200
mr 18 35 -200
mr 18 36 -200
mr 18 37 -200
mr 18 38 -200
mr 18 39 -200
mr 18 40 -200
mr 18 41 -200
mr 18 42 -200
mr 18 43 -200
mr 18 44 -200
mr 18 45 -200
mr 18 46 -200
mr 18 47 -200
mr 18 48 -200
mr 18 49 -200
mr 18 50 -200
mr 18 51 -200
mr 18 52 -200
mr 18 53 -200
mr 18 54 -200
mr 18 55 -200
mr 18 56 -200
mr 18 57 -200
mr 18 58 -200
mr 18 59 -200
mr 18 60 -200
mr 18 61 -200
mr 18 62 -200
mr 18 63 -200
mr 18 64 -200
mr 18 65 -200
mr 18 66 -200
mr 18 67 -200
mr 18 68 -200
mr 18 69 -200
mr 18 70 -200
mr 18 71 -200
mr 18 72 -200
mr 18 73 -200
mr 18 74 -200
mr 18 75 -200
mr 18 76 -200
mr 18 77 -200
mr 18 78 -200
mr 18 79 -200
mr 18 80 -200
mr 18 81 -200
mr 18 82 -200
mr 18 83 -200
mr 18 84 -200
mr 18 85 -200
mr 18 86 -200
mr 18 87 -200
mr 18 88 -200
mr 18 89 -200
mr 18 90 -200
mr 18 91 -200
mr 18 92 -200
mr 18 93 -200
mr 18 94 -200
mr 18 95 -200
mr 18 96 -200
mr 18 97 -200
mr 18 98 -200
mr 18 99 -200
mr 19 20 -200
mr 19 21 -200
mr 19 22 -200
mr 19 23 -200
mr 19 24 -200
mr 19 25 -200
mr 19 26 -200
mr 19 27 -200
mr 19 28 -200
mr 19 29 -200
mr 19 30 -200
mr 19 31 -200
mr 19 32 -200
mr 19 33 -200
mr 19 34 -200
mr 19 35 -200
mr 19 36 -200
mr 19 37 -200
mr 19 38 -200
mr 19 39 -200
mr 19 40 -200
mr 19 41 -200
mr 19 42 -200
mr 19 43 -200
mr 19 44 -200
mr 19 45 -200
mr 19 46 -200
mr 19 47 -200
mr 19 48 -200
mr 19 49 -200
mr 19 50 -200
mr 19 51 -200
mr 19 52 -200
mr 19 53 -200
mr 19 54 -200
mr 19 55 -200
mr 19 56 -200
mr 19 57 -200
mr 19 58 -200
mr 19 59 -200
mr 19 60 -200
mr 19 61 -200
mr 19 62 -200
mr 19 63 -200
mr 19 64 -200
mr 19 65 -200
mr 19 66 -200
mr 19 67 -200
mr 19 68 -200
mr 19 69 -200
mr 19 70 -200
mr 19 71 -200
mr 19 72 -200
mr 19 73 -200
mr 19 74 -200
mr 19 75 -200
mr 19 76 -200
mr 19 77 -200
mr 19 78 -200
mr 19 79 -200
mr 19 80 -200
mr 19 81 -200
mr 19 82 -200
mr 19 83 -200
mr 19 84 -200
mr 19 85 -200
mr 19 86 -200
mr 19 87 -200
mr 19 88 -200
mr 19 89 -200
mr 19 90 -200
mr 19 91 -200
mr 19 92 -200
mr 19 93 -200
mr 19 94 -200
mr 19 95 -200
mr 19 96 -200
mr 19 97 -200
mr 19 98 -200
mr 19 99 -200
mr 20 21 -200
mr 20 22 -200
mr 20 23 -200
mr 20 24 -200
mr 20 25 -200
mr 20 26 -200
mr 20 27 -200
mr 20 28 -200
mr 20 29 -200
mr 20 30 -200
mr 20 31 -200
mr 20 32 -200
mr 20 33 -200
mr 20 34 -200
mr 20 35 -200
mr 20 36 -200
mr 20 37 -200
mr 20 38 -200
mr 20 39 -200
mr 20 40 -200
mr 20 41 -200
mr 20 42 -200
mr 20 43 -200
mr 20 44 -200
mr 20 45 -200
mr 20 46 -200
mr 20 47 -200
mr 20 48 -200
mr 20 49 -200
mr 20 50 -200
mr 20 51 -200
mr 20 52 -200
mr 20 53 -200
mr 20 54 -200
mr 20 55 -200
mr 20 56 -200
mr 20 57 -200
mr 20 58 -200
mr 20 59 -200
mr 20 60 -200
mr 20 61 -200
mr 20 62 -200
mr 20 63 -200
mr 20 64 -200
mr 20 65 -200
mr 20 66 -200
mr 20 67 -200
mr 20 68 -200
mr 20 69 -200
mr 20 70 -200
mr 20 71 -200
mr 20 72 -200
mr 20 73 -200
mr 20 74 -200
mr 20 75 -200
mr 20 76 -200
mr 20 77 -200
mr 20 78 -200
mr 20 79 -200
mr 20 80 -200
mr 20 81 -200
mr 20 82 -200
mr 20 83 -200
mr 20 84 -200
mr 20 85 -200
mr 20 86 -200
mr 20 87 -200
mr 20 88 -200
mr 20 89 -200
mr 20 90 -200
mr 20 91 -200
mr 20 92 -200
mr 20 93 -200
mr 20 94 -200
mr 20 95 -200
mr 20 96 -200
mr 20 97 -200
mr 20 98 -200
mr 20 99 -200
mr 21 22 -200
mr 21 23 -200
mr 21 24 -200
mr 21 25 -200
mr 21 26 -200
mr 21 27 -200
mr 21 28 -200
mr 21 29 -200
mr 21 30 -200
mr 21 31 -200
mr 21 32 -200
mr 21 33 -200
mr 21 34 -200
mr 21 35 -200
mr 21 36 -200
mr 21 37 -200
mr 21 38 -200
mr 21 39 -200
mr 21 40 -200
mr 21 41 -200
mr 21 42 -200
mr 21 43 -200
mr 21 44 -200
mr 21 45 -200
mr 21 46 -200
mr 21 47 -200
mr 21 48 -200
mr 21 49 -200
mr 21 50 -200
mr 21 51 -200
mr 21 52 -200
mr 21 53 -200
mr 21 54 -200
mr 21 55 -200
mr 21 56 -200
mr 21 57 -200
mr 21 58 -200
mr 21 59 -200
mr 21 60 -200
mr 21 61 -200
mr 21 62 -200
mr 21 63 -200
mr 21 64 -200
mr 21 65 -200
mr 21 66 -200
mr 21 67 -200
mr 21 68 -200
mr 21 69 -200
mr 21 70 -200
mr 21 71 -200
mr 21 72 -200
mr 21 73 -200
mr 21 74 -200
mr 21 75 -200
mr 21 76 -200
mr 21 77 -200
mr 21 78 -200
mr 21 79 -200
mr 21 80 -200
mr 21 81 -200
mr 21 82 -200
mr 21 83 -200
mr 21 84 -200
mr 21 85 -200
mr 21 86 -200
mr 21 87 -200
mr 21 88 -200
mr 21 89 -200
mr 21 90 -200
mr 21 91 -200
mr 21 92 -200
mr 21 93 -200
mr 21 94 -200
mr 21 95 -200
mr 21 96 -200
mr 21 97 -200
mr 21 98 -200
mr 21 99 -200
mr 22 23 -200
mr 22 24 -200
mr 22 25 -200
mr 22 26 -200
mr 22 27 -200
mr 22 28 -200
mr 22 29 -200
mr 22 30 -200
mr 22 31 -200
mr 22 32 -200
mr 22 33 -200
mr 22 34 -200
mr 22 35 -200
mr 22 36 -200
mr 22 37 -200
mr 22 38 -200
mr 22 39 -200
mr 22 40 -200
mr 22 41 -200
mr 22 42 -200
mr 22 43 -200
mr 22 44 -200
mr 22 45 -200
mr 22 46 -200
mr 22 47 -200
mr 22 48 -200
mr 22 49 -200
mr 22 50 -200
mr 22 51 -200
mr 22 52 -200
mr 22 53 -200
mr 22 54 -200
mr 22 55 -200
mr 22 56 -200
mr 22 57 -200
mr 22 58 -200
mr 22 59 -200
mr 22 60 -200
mr 22 61 -200
mr 22 62 -200
mr 22 63 -200
mr 22 64 -200
mr 22 65 -200
mr 22 66 -200
mr 22 67 -200
mr 22 68 -200
mr 22 69 -200
mr 22 70 -200
mr 22 71 -200
mr 22 72 -200
mr 22 73 -200
mr 22 74 -200
mr 22 75 -200
mr 22 76 -200
mr 22 77 -200
mr 22 78 -200
mr 22 79 -200
mr 22 80 -200
mr 22 81 -200
mr 22 82 -200
mr 22 83 -200
mr 22 84 -200
mr 22 85 -200
mr 22 86 -200
mr 22 87 -200
mr 22 88 -200
mr 22 89 -200
mr 22 90 -200
mr 22 91 -200
mr 22 92 -200
mr 22 93 -200
mr 22 94 -200
mr 22 95 -200
mr 22 96 -200
mr 22 97 -200
mr 22 98 -200
mr 22 99 -200
mr 23 24 -200
mr 23 25 -200
mr 23 26 -200
mr 23 27 -200
mr 23 28 -200
mr 23 29 -200
mr 23 30 -200
mr 23 31 -200
mr 23 32 -200
mr 23 33 -200
mr 23 34 -200
mr 23 35 -200
mr 23 36 -200
mr 23 37 -200
mr 23 38 -200
mr 23 39 -200
mr 23 40 -200
mr 23 41 -200
mr 23 42 -200
mr 23 43 -200
mr 23 44 -200
mr 23 45 -200
mr 23 46 -200
mr 23 47 -200
mr 23 48 -200
mr 23 49 -200
mr 23 50 -200
mr 23 51 -200
mr 23 52 -200
mr 23 53 -200
mr 23 54 -200
mr 23 55 -200
mr 23 56 -200
mr 23 57 -200
mr 23 58 -200
mr 23 59 -200
mr 23 60 -200
mr 23 61 -200
mr 23 62 -200
mr 23 63 -200
mr 23 64 -200
mr 23 65 -200
mr 23 66 -200
mr 23 67 -200
mr 23 68 -200
mr 23 69 -200
mr 23 70 -200
mr 23 71 -200
mr 23 72 -200
mr 23 73 -200
mr 23 74 -200
mr 23 75 -200
mr 23 76 -200
mr 23 77 -200
mr 23 78 -200
mr 23 79 -200
mr 23 80 -200
mr 23 81 -200
mr 23 82 -200
mr 23 83 -200
mr 23 84 -200
mr 23 85 -200
mr 23 86 -200
mr 23 87 -200
mr 23 88 -200
mr 23 89 -200
mr 23 90 -200
mr 23 91 -200
mr 23 92 -200
mr 23 93 -200
mr 23 94 -200
mr 23 95 -200
mr 23 96 -200
mr 23 97 -200
mr 23 98 -200
mr 23 99 -200
mr 24 25 -200
mr 24 26 -200
mr 24 27 -200
mr 24 28 -200
mr 24 29 -200
mr 24 30 -200
mr 24 31 -200
mr 24 32 -200
mr 24 33 -200
mr 24 34 -200
mr 24 35 -200
mr 24 36 -200
mr 24 37 -200
mr 24 38 -200
mr 24 39 -200
mr 24 40 -200
mr 24 41 -200
mr 24 42 -200
mr 24 43 -200
mr 24 44 -200
mr 24 45 -200
mr 24 46 -200
mr 24 47 -200
mr 24 48 -200
mr 24 49 -200
mr 24 50 -200
mr 24 51 -200
mr 24 52 -200
mr 24 53 -200
mr 24 54 -200
mr 24 55 -200
mr 24 56 -200
mr 24 57 -200
mr 24 58 -200
mr 24 59 -200
mr 24 60 -200
mr 24 61 -200
mr 24 62 -200
mr 24 63 -200
mr 24 64 -200
mr 24 65 -200
mr 24 66 -200
mr 24 67 -200
mr 24 68 -200
mr 24 69 -200
mr 24 70 -200
mr 24 71 -200
mr 24 72 -200
mr 24 73 -200
mr 24 74 -200
mr 24 75 -200
mr 24 76 -200
mr 24 77 -200
mr 24 78 -200
mr 24 79 -200
mr 24 80 -200
mr 24 81 -200
mr 24 82 -200
mr 24 83 -200
mr 24 84 -200
mr 24 85 -200
mr 24 86 -200
mr 24 87 -200
mr 24 88 -200
mr 24 89 -200
mr 24 90 -200
mr 24 91 -200
mr 24 92 -200
mr 24 93 -200
mr 24 94 -200
mr 24 95 -200
mr 24 96 -200
mr 24 97 -200
mr 24 98 -200
mr 24 99 -200
mr 25 26 -200
mr 25 27 -200
mr 25 28 -200
mr 25 29 -200
mr 25 30 -200
mr 25 31 -200
mr 25 32 -200
mr 25 33 -200
mr 25 34 -200
mr 25 35 -200
mr 25 36 -200
mr 25 37 -200
mr 25 38 -200
mr 25 39 -200
mr 25 40 -200
mr 25 41 -200
mr 25 42 -200
mr 25 43 -200
mr 25 44 -200
mr 25 45 -200
mr 25 46 -200
mr 25 47 -200
mr 25 48 -200
mr 25 49 -200
mr 25 50 -200
mr 25 51 -200
mr 25 52 -200
mr 25 53 -200
mr 25 54 -200
mr 25 55 -200
mr 25 56 -200
mr 25 57 -200
mr 25 58 -200
mr 25 59 -200
mr 25 60 -200
mr 25 61 -200
mr 25 62 -200
mr 25 63 -200
mr 25 64 -200
mr 25 65 -200
mr 25 66 -200
mr 25 67 -200
mr 25 68 -200
mr 25 69 -200
mr 25 70 -200
mr 25 71 -200
mr 25 72 -200
mr 25 73 -200
mr 25 74 -200
mr 25 75 -200
mr 25 76 -200
mr 25 77 -200
mr 25 78 -200
mr 25 79 -200
mr 25 80 -200
mr 25 81 -200
mr 25 82 -200
mr 25 83 -200
mr 25 84 -200
mr 25 85 -200
mr 25 86 -200
mr 25 87 -200
mr 25 88 -200
mr 25 89 -200
mr 25 90 -200
mr 25 91 -200
mr 25 92 -200
mr 25 93 -200
mr 25 94 -200
mr 25 95 -200
mr 25 96 -200
mr 25 97 -200
mr 25 98 -200
mr 25 99 -200
mr 26 27 -200
mr 26 28 -200
mr 26 29 -200
mr 26 30 -200
mr 26 31 -200
mr 26 32 -200
mr 26 33 -200
mr 26 34 -200
mr 26 35 -200
mr 26 36 -200
mr 26 37 -200
mr 26 38 -200
mr 26 39 -200
mr 26 40 -200
mr 26 41 -200
mr 26 42 -200
mr 26 43 -200
mr 26 44 -200
mr 26 45 -200
mr 26 46 -200
mr 26 47 -200
mr 26 48 -200
mr 26 49 -200
mr 26 50 -200
mr 26 51 -200
mr 26 52 -200
mr 26 53 -200
mr 26 54 -200
mr 26 55 -200
mr 26 56 -200
mr 26 57 -200
mr 26 58 -200
mr 26 59 -200
mr 26 60 -200
mr 26 61 -200
mr 26 62 -200
mr 26 63 -200
mr 26 64 -200
mr 26 65 -200
mr 26 66 -200
mr 26 67 -200
mr 26 68 -200
mr 26 69 -200
mr 26 70 -200
mr 26 71 -200
mr 26 72 -200
mr 26 73 -200
mr 26 74 -200
mr 26 75 -200
mr 26 76 -200
mr 26 77 -200
mr 26 78 -200
mr 26 79 -200
mr 26 80 -200
mr 26 81 -200
mr 26 82 -200
mr 26 83 -200
mr 26 84 -200
mr 26 85 -200
mr 26 86 -200
mr 26 87 -200
mr 26 88 -200
mr 26 89 -200
mr 26 90 -200
mr 26 91 -200
mr 26 92 -200
mr 26 93 -200
mr 26 94 -200
mr 26 95 -200
mr 26 96 -200
mr 26 97 -200
mr 26 98 -200
mr 26 99 -200
mr 27 28 -200
mr 27 29 -200
mr 27 30 -200
mr 27 31 -200
mr 27 32 -200
mr 27 33 -200
mr 27 34 -200
mr 27 35 -200
mr 27 36 -200
mr 27 37 -200
mr 27 38 -200
mr 27 39 -200
mr 27 40 -200
mr 27 41 -200
mr 27 42 -200
mr 27 43 -200
mr 27 44 -200
mr 27 45 -200
mr 27 46 -200
mr 27 47 -200
mr 27 48 -200
mr 27 49 -200
mr 27 50 -200
mr 27 51 -200
mr 27 52 -200
mr 27 53 -200
mr 27 54 -200
mr 27 55 -200
mr 27 56 -200
mr 27 57 -200
mr 27 58 -200
mr 27 59 -200
mr 27 60 -200
mr 27 61 -200
mr 27 62 -200
mr 27 63 -200
mr 27 64 -200
mr 27 65 -200
mr 27 66 -200
mr 27 67 -200
mr 27 68 -200
mr 27 69 -200
mr 27 70 -200
mr 27 71 -200
mr 27 72 -200
mr 27 73 -200
mr 27 74 -200
mr 27 75 -200
mr 27 76 -200
mr 27 77 -200
mr 27 78 -200
mr 27 79 -200
mr 27 80 -200
mr 27 81 -200
mr 27 82 -200
mr 27 83 -200
mr 27 84 -200
mr 27 85 -200
mr 27 86 -200
mr 27 87 -200
mr 27 88 -200
mr 27 89 -200
mr 27 90 -200
mr 27 91 -200
mr 27 92 -200
mr 27 93 -200
mr 27 94 -200
mr 27 95 -200
mr 27 96 -200
mr 27 97 -200
mr 27 98 -200
mr 27 99 -200
mr 28 29 -200
mr 28 30 -200
mr 28 31 -200
mr 28 32 -200
mr 28 33 -200
mr 28 34 -200
mr 28 35 -200
mr 28 36 -200
mr 28 37 -200
mr 28 38 -200
mr 28 39 -200
mr 28 40 -200
mr 28 41 -200
mr 28 42 -200
mr 28 43 -200
mr 28 44 -200
mr 28 45 -200
mr 28 46 -200
mr 28 47 -200
mr 28 48 -200
mr 28 49 -200
mr 28 50 -200
mr 28 51 -200
mr 28 52 -200
mr 28 53 -200
mr 28 54 -200
mr 28 55 -200
mr 28 56 -200
mr 28 57 -200
mr 28 58 -200
mr 28 59 -200
mr 28 60 -200
mr 28 61 -200
mr 28 62 -200
mr 28 63 -200
mr 28 64 -200
mr 28 65 -200
mr 28 66 -200
mr 28 67 -200
mr 28 68 -200
mr 28 69 -200
mr 28 70 -200
mr 28 71 -200
mr 28 72 -200
mr 28 73 -200
mr 28 74 -200
mr 28 75 -200
mr 28 76 -200
mr 28 77 -200
mr 28 78 -200
mr 28 79 -200
mr 28 80 -200
mr 28 81 -200
mr 28 82 -200
mr 28 83 -200
mr 28 84 -200
mr 28 85 -200
mr 28 86 -200
mr 28 87 -200
mr 28 88 -200
mr 28 89 -200
mr 28 90 -200
mr 28 91 -200
mr 28 92 -200
mr 28 93 -200
mr 28 94 -200
mr 28 95 -200
mr 28 96 -200
mr 28 97 -200
mr 28 98 -200
mr 28 99 -200
mr 29 30 -200
mr 29 31 -200
mr 29 32 -200
mr 29 33 -200
mr 29 34 -200
mr 29 35 -200
mr 29 36 -200
mr 29 37 -200
mr 29 38 -200
mr 29 39 -200
mr 29 40 -200
mr 29 41 -200
mr 29 42 -200
mr 29 43 -200
mr 29 44 -200
mr 29 45 -200
mr 29 46 -200
mr 29 47 -200
mr 29 48 -200
mr 29 49 -200
mr 29 50 -200
mr 29 51 -200
mr 29 52 -200
mr 29 53 -200
mr 29 54 -200
mr 29 55 -200
mr 29 56 -200
mr 29 57 -200
mr 29 58 -200
mr 29 59 -200
mr 29 60 -200
mr 29 61 -200
mr 29 62 -200
mr 29 63 -200
mr 29 64 -200
mr 29 65 -200
mr 29 66 -200
mr 29 67 -200
mr 29 68 -200
mr 29 69 -200
mr 29 70 -200
mr 29 71 -200
mr 29 72 -200
mr 29 73 -200
mr 29 74 -200
mr 29 75 -200
mr 29 76 -200
mr 29 77 -200
mr 29 78 -200
mr 29 79 -200
mr 29 80 -200
mr 29 81 -200
mr 29 82 -200
mr 29 83 -200
mr 29 84 -200
mr 29 85 -200
mr 29 86 -200
mr 29 87 -200
mr 29 88 -200
mr 29 89 -200
mr 29 90 -200
mr 29 91 -200
mr 29 92 -200
mr 29 93 -200
mr 29 94 -200
mr 29 95 -200
mr 29 96 -200
mr 29 97 -200
mr 29 98 -200
mr 29 99 -200
mr 30 31 -200
mr 30 32 -200
mr 30 33 -200
mr 30 34 -200
mr 30 35 -200
mr 30 36 -200
mr 30 37 -200
mr 30 38 -200
mr 30 39 -200
mr 30 40 -200
mr 30 41 -200
mr 30 42 -200
mr 30 43 -200
mr 30 44 -200
mr 30 45 -200
mr 30 46 -200
mr 30 47 -200
mr 30 48 -200
mr 30 49 -200
mr 30 50 -200
mr 30 51 -200
mr 30 52 -200
mr 30 53 -200
mr 30 54 -200
mr 30 55 -200
mr 30 56 -200
mr 30 57 -200
mr 30 58 -200
mr 30 59 -200
mr 30 60 -200
mr 30 61 -200
mr 30 62 -200
mr 30 63 -200
mr 30 64 -200
mr 30 65 -200
mr 30 66 -200
mr 30 67 -200
mr 30 68 -200
mr 30 69 -200
mr 30 70 -200
mr 30 71 -200
mr 30 72 -200
mr 30 73 -200
mr 30 74 -200
mr 30 75 -200
mr 30 76 -200
mr 30 77 -200
mr 30 78 -200
mr 30 79 -200
mr 30 80 -200
mr 30 81 -200
mr 30 82 -200
mr 30 83 -200
mr 30 84 -200
mr 30 85 -200
mr 30 86 -200
mr 30 87 -200
mr 30 88 -200
mr 30 89 -200
mr 30 90 -200
mr 30 91 -200
mr 30 92 -200
mr 30 93 -200
mr 30 94 -200
mr 30 95 -200
mr 30 96 -200
mr 30 97 -200
mr 30 98 -200
mr 30 99 -200
mr 31 32 -200
mr 31 33 -200
mr 31 34 -200
mr 31 35 -200
mr 31 36 -200
mr 31 37 -200
mr 31 38 -200
mr 31 39 -200
mr 31 40 -200
mr 31 41 -200
mr 31 42 -200
mr 31 43 -200
mr 31 44 -200
mr 31 45 -200
mr 31 46 -200
mr 31 47 -200
mr 31 48 -200
mr 31 49 -200
mr 31 50 -200
mr 31 51 -200
mr 31 52 -200
mr 31 53 -200
mr 31 54 -200
mr 31 55 -200
mr 31 56 -200
mr 31 57 -200
mr 31 58 -200
mr 31 59 -200
mr 31 60 -200
mr 31 61 -200
mr 31 62 -200
mr 31 63 -200
mr 31 64 -200
mr 31 65 -200
mr 31 66 -200
mr 31 67 -200
mr 31 68 -200
mr 31 69 -200
mr 31 70 -200
mr 31 71 -200
mr 31 72 -200
mr 31 73 -200
mr 31 74 -200
mr 31 75 -200
mr 31 76 -200
mr 31 77 -200
mr 31 78 -200
mr 31 79 -200
mr 31 80 -200
mr 31 81 -200
mr 31 82 -200
mr 31 83 -200
mr 31 84 -200
mr 31 85 -200
mr 31 86 -200
mr 31 87 -200
mr 31 88 -200
mr 31 89 -200
mr 31 90 -200
mr 31 91 -200
mr 31 92 -200
mr 31 93 -200
mr 31 94 -200
mr 31 95 -200
mr 31 96 -200
mr 31 97 -200
mr 31 98 -200
mr 31 99 -200
mr 32 33 -200
mr 32 34 -200
mr 32 35 -200
mr 32 36 -200
mr 32 37 -200
mr 32 38 -200
mr 32 39 -200
mr 32 40 -200
mr 32 41 -200
mr 32 42 -200
mr 32 43 -200
mr 32 44 -200
mr 32 45 -200
mr 32 46 -200
mr 32 47 -200
mr 32 48 -200
mr 32 49 -200
mr 32 50 -200
mr 32 51 -200
mr 32 52 -200
mr 32 53 -200
mr 32 54 -200
mr 32 55 -200
mr 32 56 -200
mr 32 57 -200
mr 32 58 -200
mr 32 59 -200
mr 32 60 -200
mr 32 61 -200
mr 32 62 -200
mr 32 63 -200
mr 32 64 -200
mr 32 65 -200
mr 32 66 -200
mr 32 67 -200
mr 32 68 -200
mr 32 69 -200
mr 32 70 -200
mr 32 71 -200
mr 32 72 -200
mr 32 73 -200
mr 32 74 -200
mr 32 75 -200
mr 32 76 -200
mr 32 77 -200
mr 32 78 -200
mr 32 79 -200
mr 32 80 -200
mr 32 81 -200
mr 32 82 -200
mr 32 83 -200
mr 32 84 -200
mr 32 85 -200
mr 32 86 -200
mr 32 87 -200
mr 32 88 -200
mr 32 89 -200
mr 32 90 -200
mr 32 91 -200
mr 32 92 -200
mr 32 93 -200
mr 32 94 -200
mr 32 95 -200
mr 32 96 -200
mr 32 97 -200
mr 32 98 -200
mr 32 99 -200
mr 33 34 -200
mr 33 35 -200
mr 33 36 -200
mr 33 37 -200
mr 33 38 -200
mr 33 39 -200
mr 33 40 -200
mr 33 41 -200
mr 33 42 -200
mr 33 43 -200
mr 33 44 -200
mr 33 45 -200
mr 33 46 -200
mr 33 47 -200
mr 33 48 -200
mr 33 49 -200
mr 33 50 -200
mr 33 51 -200
mr 33 52 -200
mr 33 53 -200
mr 33 54 -200
mr 33 55 -200
mr 33 56 -200
mr 33 57 -200
mr 33 58 -200
mr 33 59 -200
mr 33 60 -200
mr 33 61 -200
mr 33 62 -200
mr 33 63 -200
mr 33 64 -200
mr 33 65 -200
mr 33 66 -200
mr 33 67 -200
mr 33 68 -200
mr 33 69 -200
mr 33 70 -200
mr 33 71 -200
mr 33 72 -200
mr 33 73 -200
mr 33 74 -200
mr 33 75 -200
mr 33 76 -200
mr 33 77 -200
mr 33 78 -200
mr 33 79 -200
mr 33 80 -200
mr 33 81 -200
mr 33 82 -200
mr 33 83 -200
mr 33 84 -200
mr 33 85 -200
mr 33 86 -200
mr 33 87 -200
mr 33 88 -200
mr 33 89 -200
mr 33 90 -200
mr 33 91 -200
mr 33 92 -200
mr 33 93 -200
mr 33 94 -200
mr 33 95 -200
mr 33 96 -200
mr 33 97 -200
mr 33 98 -200
mr 33 99 -200
mr 34 35 -200
mr 34 36 -200
mr 34 37 -200
mr 34 38 -200
mr 34 39 -200
mr 34 40 -200
mr 34 41 -200
mr 34 42 -200
mr 34 43 -200
mr 34 44 -200
mr 34 45 -200
mr 34 46 -200
mr 34 47 -200
mr 34 48 -200
mr 34 49 -200
mr 34 50 -200
mr 34 51 -200
mr 34 52 -200
mr 34 53 -200
mr 34 54 -200
mr 34 55 -200
mr 34 56 -200
mr 34 57 -200
mr 34 58 -200
mr 34 59 -200
mr 34 60 -200
mr 34 61 -200
mr 34 62 -200
mr 34 63 -200
mr 34 64 -200
mr 34 65 -200
mr 34 66 -200
mr 34 67 -200
mr 34 68 -200
mr 34 69 -200
mr 34 70 -200
mr 34 71 -200
mr 34 72 -200
mr 34 73 -200
mr 34 74 -200
mr 34 75 -200
mr 34 76 -200
mr 34 77 -200
mr 34 78 -200
mr 34 79 -200
mr 34 80 -200
mr 34 81 -200
mr 34 82 -200
mr 34 83 -200
mr 34 84 -200
mr 34 85 -200
mr 34 86 -200
mr 34 87 -200
mr 34 88 -200
mr 34 89 -200
mr 34 90 -200
mr 34 91 -200
mr 34 92 -200
mr 34 93 -200
mr 34 94 -200
mr 34 95 -200
mr 34 96 -200
mr 34 97 -200
mr 34 98 -200
mr 34 99 -200
mr 35 36 -200
mr 35 37 -200
mr 35 38 -200
mr 35 39 -200
mr 35 40 -200
mr 35 41 -200
mr 35 42 -200
mr 35 43 -200
mr 35 44 -200
mr 35 45 -200
mr 35 46 -200
mr 35 47 -200
mr 35 48 -200
mr 35 49 -200
mr 35 50 -200
mr 35 51 -200
mr 35 52 -200
mr 35 53 -200
mr 35 54 -200
mr 35 55 -200
mr 35 56 -200
mr 35 57 -200
mr 35 58 -200
mr 35 59 -200
mr 35 60 -200
mr 35 61 -200
mr 35 62 -200