ln 100
0 1 2 3 4 5 6 7 8 9 10 11 12 13 14 15 16 17 18 19 20 21 22 23 24 25 26 27 28 29 30 31 32 33 34 35 36 37 38 39 40 41 42 43 44 45 46 47 48 49 50 51 52 53 54 55 56 57 58 59 60 61 62 63 64 65 66 67 68 69 70 71 72 73 74 75 76 77 78 79 80 81 82 83 84 85 86 87 88 89 90 91 92 93 94 95 96 97 98 99 
0 1 2 3 4 5 6 7 8 9 10 11 12 13 14 15 16 17 18 19 20 21 22 23 24 25 26 27 28 29 30 31 32 33 34 35 36 37 38 39 40 41 42 43 44 45 46 47 48 49 50 51 52 53 54 55 56 57 58 59 60 61 62 63 64 65 66 67 68 69 70 71 72 73 74 75 76 77 78 79 80 81 82 83 84 85 86 87 88 89 90 91 92 93 94 95 96 97 98 99 
1 2 3 4 5 6 7 8 9 10 11 12 13 14 15 16 17 18 19 20 21 22 23 24 25 26 27 28 29 30 31 32 33 34 35 36 37 38 39 40 41 42 43 44 45 46 47 48 49 50 51 52 53 54 55 56 57 58 59 60 61 62 63 64 65 66 67 68 69 70 71 72 73 74 75 76 77 78 79 80 81 82 83 84 85 86 87 88 89 90 91 92 93 94 95 96 97 98 99 100 
100 
100 100 
100 100 100 
100 100 100 100 
100 100 100 100 100 
100 100 100 100 100 100 
100 100 100 100 100 100 100 
100 100 100 100 100 100 100 100 
100 100 100 100 100 100 100 100 100 
100 100 100 100 100 100 100 100 100 100 
100 100 100 100 100 100 100 100 100 100 100 
100 100 100 100 100 100 100 100 100 100 100 100 
100 100 100 100 100 100 100 100 100 100 100 100 100 
100 100 100 100 100 100 100 100 100 100 100 100 100 100 
100 100 100 100 100 100 100 100 100 100 100 100 100 100 100 
100 100 100 100 100 100 100 100 100 100 100 100 100 100 100 100 
100 100 100 100 100 100 100 100 100 100 100 100 100 100 100 100 100 
100 100 100 100 100 100 100 100 100 100 100 100 100 100 100 100 100 100 
100 100 100 100 100 100 100 100 100 100 100 100 100 100 100 100 100 100 100 
100 100 100 100 100 100 100 100 100 100 100 100 100 100 100 100 100 100 100 100 
100 100 100 100 100 100 100 100 100 100 100 100 100 100 100 100 100 100 100 100 100 
100 100 100 100 100 100 100 100 100 100 100 100 100 100 100 100 100 100 100 100 100 100 
100 100 100 100 100 100 100 100 100 100 100 100 100 100 100 100 100 100 100 100 100 100 100 
100 100 100 100 100 100 100 100 100 100 100 100 100 100 100 100 100 100 100 100 100 100 100 100 
100 100 100 100 100 100 100 100 100 100 100 100 100 100 100 100 100 100 100 100 100 100 100 100 100 
100 100 100 100 100 100 100 100 100 100 100 100 100 100 100 100 100 100 100 100 100 100 100 100 100 100 
100 100 100 100 100 100 100 100 100 100 100 100 100 100 100 100 100 100 100 100 100 100 100 100 100 100 100 
100 100 100 100 100 100 100 100 100 100 100 100 100 100 100 100 100 100 100 100 100 100 100 100 100 100 100 100 
100 100 100 100 100 100 100 100 100 100 100 100 100 100 100 100 100 100 100 100 100 100 100 100 100 100 100 100 100 
100 100 100 100 100 100 100 100 100 100 100 100 100 100 100 100 100 100 100 100 100 100 100 100 100 100 100 100 100 100 
100 100 100 100 100 100 100 100 100 100 100 100 100 100 100 100 100 100 100 100 100 100 100 100 100 100 100 100 100 100 100 
100 100 100 100 100 100 100 100 100 100 100 100 100 100 100 100 100 100 100 100 100 100 100 100 100 100 100 100 100 100 100 100 
100 100 100 100 100 100 100 100 100 100 100 100 100 100 100 100 100 100 100 100 100 100 100 100 100 100 100 100 100 100 100 100 100 
100 100 100 100 100 100 100 100 100 100 100 100 100 100 100 100 100 100 100 100 100 100 100 100 100 100 100 100 100 100 100 100 100 100 
100 100 100 100 100 100 100 100 100 100 100 100 100 100 100 100 100 100 100 100 100 100 100 100 100 100 100 100 100 100 100 100 100 100 100 
100 100 100 100 100 100 100 100 100 100 100 100 100 100 100 100 100 100 100 100 100 100 100 100 100 100 100 100 100 100 100 100 100 100 100 100 
100 100 100 100 100 100 100 100 100 100 100 100 100 100 100 100 100 100 100 100 100 100 100 100 100 100 100 100 100 100 100 100 100 100 100 100 100 
100 100 100 100 100 100 100 100 100 100 100 100 100 100 100 100 100 100 100 100 100 100 100 100 100 100 100 100 100 100 100 100 100 100 100 100 100 100 
100 100 100 100 100 100 100 100 100 100 100 100 100 100 100 100 100 100 100 100 100 100 100 100 100 100 100 100 100 100 100 100 100 100 100 100 100 100 100 
100 100 100 100 100 100 100 100 100 100 100 100 100 100 100 100 100 100 100 100 100 100 100 100 100 100 100 100 100 100 100 100 100 100 100 100 100 100 100 100 
100 100 100 100 100 100 100 100 100 100 100 100 100 100 100 100 100 100 100 100 100 100 100 100 100 100 100 100 100 100 100 100 100 100 100 100 100 100 100 100 100 
100 100 100 100 100 100 100 100 100 100 100 100 100 100 100 100 100 100 100 100 100 100 100 100 100 100 100 100 100 100 100 100 100 100 100 100 100 100 100 100 100 100 
100 100 100 100 100 100 100 100 100 100 100 100 100 100 100 100 100 100 100 100 100 100 100 100 100 100 100 100 100 100 100 100 100 100 100 100 100 100 100 100 100 100 100 
100 100 100 100 100 100 100 100 100 100 100 100 100 100 100 100 100 100 100 100 100 100 100 100 100 100 100 100 100 100 100 100 100 100 100 100 100 100 100 100 100 100 100 100 
100 100 100 100 100 100 100 100 100 100 100 100 100 100 100 100 100 100 100 100 100 100 100 100 100 100 100 100 100 100 100 100 100 100 100 100 100 100 100 100 100 100 100 100 100 
100 100 100 100 100 100 100 100 100 100 100 100 100 100 100 100 100 100 100 100 100 100 100 100 100 100 100 100 100 100 100 100 100 100 100 100 100 100 100 100 100 100 100 100 100 100 
100 100 100 100 100 100 100 100 100 100 100 100 100 100 100 100 100 100 100 100 100 100 100 100 100 100 100 100 100 100 100 100 100 100 100 100 100 100 100 100 100 100 100 100 100 100 100 
100 100 100 100 100 100 100 100 100 100 100 100 100 100 100 100 100 100 100 100 100 100 100 100 100 100 100 100 100 100 100 100 100 100 100 100 100 100 100 100 100 100 100 100 100 100 100 100 
100 100 100 100 100 100 100 100 100 100 100 100 100 100 100 100 100 100 100 100 100 100 100 100 100 100 100 100 100 100 100 100 100 100 100 100 100 100 100 100 100 100 100 100 100 100 100 100 100 
100 100 100 100 100 100 100 100 100 100 100 100 100 100 100 100 100 100 100 100 100 100 100 100 100 100 100 100 100 100 100 100 100 100 100 100 100 100 100 100 100 100 100 100 100 100 100 100 100 100 
100 100 100 100 100 100 100 100 100 100 100 100 100 100 100 100 100 100 100 100 100 100 100 100 100 100 100 100 100 100 100 100 100 100 100 100 100 100 100 100 100 100 100 100 100 100 100 100 100 100 100 
100 100 100 100 100 100 100 100 100 100 100 100 100 100 100 100 100 100 100 100 100 100 100 100 100 100 100 100 100 100 100 100 100 100 100 100 100 100 100 100 100 100 100 100 100 100 100 100 100 100 100 100 
100 100 100 100 100 100 100 100 100 100 100 100 100 100 100 100 100 100 100 100 100 100 100 100 100 100 100 100 100 100 100 100 100 100 100 100 100 100 100 100 100 100 100 100 100 100 100 100 100 100 100 100 100 
100 100 100 100 100 100 100 100 100 100 100 100 100 100 100 100 100 100 100 100 100 100 100 100 100 100 100 100 100 100 100 100 100 100 100 100 100 100 100 100 100 100 100 100 100 100 100 100 100 100 100 100 100 100 
100 100 100 100 100 100 100 100 100 100 100 100 100 100 100 100 100 100 100 100 100 100 100 100 100 100 100 100 100 100 100 100 100 100 100 100 100 100 100 100 100 100 100 100 100 100 100 100 100 100 100 100 100 100 100 
100 100 100 100 100 100 100 100 100 100 100 100 100 100 100 100 100 100 100 100 100 100 100 100 100 100 100 100 100 100 100 100 100 100 100 100 100 100 100 100 100 100 100 100 100 100 100 100 100 100 100 100 100 100 100 100 
100 100 100 100 100 100 100 100 100 100 100 100 100 100 100 100 100 100 100 100 100 100 100 100 100 100 100 100 100 100 100 100 100 100 100 100 100 100 100 100 100 100 100 100 100 100 100 100 100 100 100 100 100 100 100 100 100 
100 100 100 100 100 100 100 100 100 100 100 100 100 100 100 100 100 100 100 100 100 100 100 100 100 100 100 100 100 100 100 100 100 100 100 100 100 100 100 100 100 100 100 100 100 100 100 100 100 100 100 100 100 100 100 100 100 100 
100 100 100 100 100 100 100 100 100 100 100 100 100 100 100 100 100 100 100 100 100 100 100 100 100 100 100 100 100 100 100 100 100 100 100 100 100 100 100 100 100 100 100 100 100 100 100 100 100 100 100 100 100 100 100 100 100 100 100 
100 100 100 100 100 100 100 100 100 100 100 100 100 100 100 100 100 100 100 100 100 100 100 100 100 100 100 100 100 100 100 100 100 100 100 100 100 100 100 100 100 100 100 100 100 100 100 100 100 100 100 100 100 100 100 100 100 100 100 100 
100 100 100 100 100 100 100 100 100 100 100 100 100 100 100 100 100 100 100 100 100 100 100 100 100 100 100 100 100 100 100 100 100 100 100 100 100 100 100 100 100 100 100 100 100 100 100 100 100 100 100 100 100 100 100 100 100 100 100 100 100 
100 100 100 100 100 100 100 100 100 100 100 100 100 100 100 100 100 100 100 100 100 100 100 100 100 100 100 100 100 100 100 100 100 100 100 100 100 100 100 100 100 100 100 100 100 100 100 100 100 100 100 100 100 100 100 100 100 100 100 100 100 100 
100 100 100 100 100 100 100 100 100 100 100 100 100 100 100 100 100 100 100 100 100 100 100 100 100 100 100 100 100 100 100 100 100 100 100 100 100 100 100 100 100 100 100 100 100 100 100 100 100 100 100 100 100 100 100 100 100 100 100 100 100 100 100 
100 100 100 100 100 100 100 100 100 100 100 100 100 100 100 100 100 100 100 100 100 100 100 100 100 100 100 100 100 100 100 100 100 100 100 100 100 100 100 100 100 100 100 100 100 100 100 100 100 100 100 100 100 100 100 100 100 100 100 100 100 100 100 100 
100 100 100 100 100 100 100 100 100 100 100 100 100 100 100 100 100 100 100 100 100 100 100 100 100 100 100 100 100 100 100 100 100 100 100 100 100 100 100 100 100 100 100 100 100 100 100 100 100 100 100 100 100 100 100 100 100 100 100 100 100 100 100 100 100 
100 100 100 100 100 100 100 100 100 100 100 100 100 100 100 100 100 100 100 100 100 100 100 100 100 100 100 100 100 100 100 100 100 100 100 100 100 100 100 100 100 100 100 100 100 100 100 100 100 100 100 100 100 100 100 100 100 100 100 100 100 100 100 100 100 100 
100 100 100 100 100 100 100 100 100 100 100 100 100 100 100 100 100 100 100 100 100 100 100 100 100 100 100 100 100 100 100 100 100 100 100 100 100 100 100 100 100 100 100 100 100 100 100 100 100 100 100 100 100 100 100 100 100 100 100 100 100 100 100 100 100 100 100 
100 100 100 100 100 100 100 100 100 100 100 100 100 100 100 100 100 100 100 100 100 100 100 100 100 100 100 100 100 100 100 100 100 100 100 100 100 100 100 100 100 100 100 100 100 100 100 100 100 100 100 100 100 100 100 100 100 100 100 100 100 100 100 100 100 100 100 100 
100 100 100 100 100 100 100 100 100 100 100 100 100 100 100 100 100 100 100 100 100 100 100 100 100 100 100 100 100 100 100 100 100 100 100 100 100 100 100 100 100 100 100 100 100 100 100 100 100 100 100 100 100 100 100 100 100 100 100 100 100 100 100 100 100 100 100 100 100 
100 100 100 100 100 100 100 100 100 100 100 100 100 100 100 100 100 100 100 100 100 100 100 100 100 100 100 100 100 100 100 100 100 100 100 100 100 100 100 100 100 100 100 100 100 100 100 100 100 100 100 100 100 100 100 100 100 100 100 100 100 100 100 100 100 100 100 100 100 100 
100 100 100 100 100 100 100 100 100 100 100 100 100 100 100 100 100 100 100 100 100 100 100 100 100 100 100 100 100 100 100 100 100 100 100 100 100 100 100 100 100 100 100 100 100 100 100 100 100 100 100 100 100 100 100 100 100 100 100 100 100 100 100 100 100 100 100 100 100 100 100 
100 100 100 100 100 100 100 100 100 100 100 100 100 100 100 100 100 100 100 100 100 100 100 100 100 100 100 100 100 100 100 100 100 100 100 100 100 100 100 100 100 100 100 100 100 100 100 100 100 100 100 100 100 100 100 100 100 100 100 100 100 100 100 100 100 100 100 100 100 100 100 100 
100 100 100 100 100 100 100 100 100 100 100 100 100 100 100 100 100 100 100 100 100 100 100 100 100 100 100 100 100 100 100 100 100 100 100 100 100 100 100 100 100 100 100 100 100 100 100 100 100 100 100 100 100 100 100 100 100 100 100 100 100 100 100 100 100 100 100 100 100 100 100 100 100 
100 100 100 100 100 100 100 100 100 100 100 100 100 100 100 100 100 100 100 100 100 100 100 100 100 100 100 100 100 100 100 100 100 100 100 100 100 100 100 100 100 100 100 100 100 100 100 100 100 100 100 100 100 100 100 100 100 100 100 100 100 100 100 100 100 100 100 100 100 100 100 100 100 100 
100 100 100 100 100 100 100 100 100 100 100 100 100 100 100 100 100 100 100 100 100 100 100 100 100 100 100 100 100 100 100 100 100 100 100 100 100 100 100 100 100 100 100 100 100 100 100 100 100 100 100 100 100 100 100 100 100 100 100 100 100 100 100 100 100 100 100 100 100 100 100 100 100 100 100 
100 100 100 100 100 100 100 100 100 100 100 100 100 100 100 100 100 100 100 100 100 100 100 100 100 100 100 100 100 100 100 100 100 100 100 100 100 100 100 100 100 100 100 100 100 100 100 100 100 100 100 100 100 100 100 100 100 100 100 100 100 100 100 100 100 100 100 100 100 100 100 100 100 100 100 100 
100 100 100 100 100 100 100 100 100 100 100 100 100 100 100 100 100 100 100 100 100 100 100 100 100 100 100 100 100 100 100 100 100 100 100 100 100 100 100 100 100 100 100 100 100 100 100 100 100 100 100 100 100 100 100 100 100 100 100 100 100 100 100 100 100 100 100 100 100 100 100 100 100 100 100 100 100 
100 100 100 100 100 100 100 100 100 100 100 100 100 100 100 100 100 100 100 100 100 100 100 100 100 100 100 100 100 100 100 100 100 100 100 100 100 100 100 100 100 100 100 100 100 100 100 100 100 100 100 100 100 100 100 100 100 100 100 100 100 100 100 100 100 100 100 100 100 100 100 100 100 100 100 100 100 100 
100 100 100 100 100 100 100 100 100 100 100 100 100 100 100 100 100 100 100 100 100 100 100 100 100 100 100 100 100 100 100 100 100 100 100 100 100 100 100 100 100 100 100 100 100 100 100 100 100 100 100 100 100 100 100 100 100 100 100 100 100 100 100 100 100 100 100 100 100 100 100 100 100 100 100 100 100 100 100 
100 100 100 100 100 100 100 100 100 100 100 100 100 100 100 100 100 100 100 100 100 100 100 100 100 100 100 100 100 100 100 100 100 100 100 100 100 100 100 100 100 100 100 100 100 100 100 100 100 100 100 100 100 100 100 100 100 100 100 100 100 100 100 100 100 100 100 100 100 100 100 100 100 100 100 100 100 100 100 100 
100 100 100 100 100 100 100 100 100 100 100 100 100 100 100 100 100 100 100 100 100 100 100 100 100 100 100 100 100 100 100 100 100 100 100 100 100 100 100 100 100 100 100 100 100 100 100 100 100 100 100 100 100 100 100 100 100 100 100 100 100 100 100 100 100 100 100 100 100 100 100 100 100 100 100 100 100 100 100 100 100 
100 100 100 100 100 100 100 100 100 100 100 100 100 100 100 100 100 100 100 100 100 100 100 100 100 100 100 100 100 100 100 100 100 100 100 100 100 100 100 100 100 100 100 100 100 100 100 100 100 100 100 100 100 100 100 100 100 100 100 100 100 100 100 100 100 100 100 100 100 100 100 100 100 100 100 100 100 100 100 100 100 100 
100 100 100 100 100 100 100 100 100 100 100 100 100 100 100 100 100 100 100 100 100 100 100 100 100 100 100 100 100 100 100 100 100 100 100 100 100 100 100 100 100 100 100 100 100 100 100 100 100 100 100 100 100 100 100 100 100 100 100 100 100 100 100 100 100 100 100 100 100 100 100 100 100 100 100 100 100 100 100 100 100 100 100 
100 100 100 100 100 100 100 100 100 100 100 100 100 100 100 100 100 100 100 100 100 100 100 100 100 100 100 100 100 100 100 100 100 100 100 100 100 100 100 100 100 100 100 100 100 100 100 100 100 100 100 100 100 100 100 100 100 100 100 100 100 100 100 100 100 100 100 100 100 100 100 100 100 100 100 100 100 100 100 100 100 100 100 100 
100 100 100 100 100 100 100 100 100 100 100 100 100 100 100 100 100 100 100 100 100 100 100 100 100 100 100 100 100 100 100 100 100 100 100 100 100 100 100 100 100 100 100 100 100 100 100 100 100 100 100 100 100 100 100 100 100 100 100 100 100 100 100 100 100 100 100 100 100 100 100 100 100 100 100 100 100 100 100 100 100 100 100 100 100 
100 100 100 100 100 100 100 100 100 100 100 100 100 100 100 100 100 100 100 100 100 100 100 100 100 100 100 100 100 100 100 100 100 100 100 100 100 100 100 100 100 100 100 100 100 100 100 100 100 100 100 100 100 100 100 100 100 100 100 100 100 100 100 100 100 100 100 100 100 100 100 100 100 100 100 100 100 100 100 100 100 100 100 100 100 100 
100 100 100 100 100 100 100 100 100 100 100 100 100 100 100 100 100 100 100 100 100 100 100 100 100 100 100 100 100 100 100 100 100 100 100 100 100 100 100 100 100 100 100 100 100 100 100 100 100 100 100 100 100 100 100 100 100 100 100 100 100 100 100 100 100 100 100 100 100 100 100 100 100 100 100 100 100 100 100 100 100 100 100 100 100 100 100 
100 100 100 100 100 100 100 100 100 100 100 100 100 100 100 100 100 100 100 100 100 100 100 100 100 100 100 100 100 100 100 100 100 100 100 100 100 100 100 100 100 100 100 100 100 100 100 100 100 100 100 100 100 100 100 100 100 100 100 100 100 100 100 100 100 100 100 100 100 100 100 100 100 100 100 100 100 100 100 100 100 100 100 100 100 100 100 100 
100 100 100 100 100 100 100 100 100 100 100 100 100 100 100 100 100 100 100 100 100 100 100 100 100 100 100 100 100 100 100 100 100 100 100 100 100 100 100 100 100 100 100 100 100 100 100 100 100 100 100 100 100 100 100 100 100 100 100 100 100 100 100 100 100 100 100 100 100 100 100 100 100 100 100 100 100 100 100 100 100 100 100 100 100 100 100 100 100 
100 100 100 100 100 100 100 100 100 100 100 100 100 100 100 100 100 100 100 100 100 100 100 100 100 100 100 100 100 100 100 100 100 100 100 100 100 100 100 100 100 100 100 100 100 100 100 100 100 100 100 100 100 100 100 100 100 100 100 100 100 100 100 100 100 100 100 100 100 100 100 100 100 100 100 100 100 100 100 100 100 100 100 100 100 100 100 100 100 100 
100 100 100 100 100 100 100 100 100 100 100 100 100 100 100 100 100 100 100 100 100 100 100 100 100 100 100 100 100 100 100 100 100 100 100 100 100 100 100 100 100 100 100 100 100 100 100 100 100 100 100 100 100 100 100 100 100 100 100 100 100 100 100 100 100 100 100 100 100 100 100 100 100 100 100 100 100 100 100 100 100 100 100 100 100 100 100 100 100 100 100 
100 100 100 100 100 100 100 100 100 100 100 100 100 100 100 100 100 100 100 100 100 100 100 100 100 100 100 100 100 100 100 100 100 100 100 100 100 100 100 100 100 100 100 100 100 100 100 100 100 100 100 100 100 100 100 100 100 100 100 100 100 100 100 100 100 100 100 100 100 100 100 100 100 100 100 100 100 100 100 100 100 100 100 100 100 100 100 100 100 100 100 100 
100 100 100 100 100 100 100 100 100 100 100 100 100 100 100 100 100 100 100 100 100 100 100 100 100 100 100 100 100 100 100 100 100 100 100 100 100 100 100 100 100 100 100 100 100 100 100 100 100 100 100 100 100 100 100 100 100 100 100 100 100 100 100 100 100 100 100 100 100 100 100 100 100 100 100 100 100 100 100 100 100 100 100 100 100 100 100 100 100 100 100 100 100 
100 100 100 100 100 100 100 100 100 100 100 100 100 100 100 100 100 100 100 100 100 100 100 100 100 100 100 100 100 100 100 100 100 100 100 100 100 100 100 100 100 100 100 100 100 100 100 100 100 100 100 100 100 100 100 100 100 100 100 100 100 100 100 100 100 100 100 100 100 100 100 100 100 100 100 100 100 100 100 100 100 100 100 100 100 100 100 100 100 100 100 100 100 100 
100 100 100 100 100 100 100 100 100 100 100 100 100 100 100 100 100 100 100 100 100 100 100 100 100 100 100 100 100 100 100 100 100 100 100 100 100 100 100 100 100 100 100 100 100 100 100 100 100 100 100 100 100 100 100 100 100 100 100 100 100 100 100 100 100 100 100 100 100 100 100 100 100 100 100 100 100 100 100 100 100 100 100 100 100 100 100 100 100 100 100 100 100 100 100 
100 100 100 100 100 100 100 100 100 100 100 100 100 100 100 100 100 100 100 100 100 100 100 100 100 100 100 100 100 100 100 100 100 100 100 100 100 100 100 100 100 100 100 100 100 100 100 100 100 100 100 100 100 100 100 100 100 100 100 100 100 100 100 100 100 100 100 100 100 100 100 100 100 100 100 100 100 100 100 100 100 100 100 100 100 100 100 100 100 100 100 100 100 100 100 100 
100 100 100 100 100 100 100 100 100 100 100 100 100 100 100 100 100 100 100 100 100 100 100 100 100 100 100 100 100 100 100 100 100 100 100 100 100 100 100 100 100 100 100 100 100 100 100 100 100 100 100 100 100 100 100 100 100 100 100 100 100 100 100 100 100 100 100 100 100 100 100 100 100 100 100 100 100 100 100 100 100 100 100 100 100 100 100 100 100 100 100 100 100 100 100 100 100 
100 100 100 100 100 100 100 100 100 100 100 100 100 100 100 100 100 100 100 100 100 100 100 100 100 100 100 100 100 100 100 100 100 100 100 100 100 100 100 100 100 100 100 100 100 100 100 100 100 100 100 100 100 100 100 100 100 100 100 100 100 100 100 100 100 100 100 100 100 100 100 100 100 100 100 100 100 100 100 100 100 100 100 100 100 100 100 100 100 100 100 100 100 100 100 100 100 100 
100 100 100 100 100 100 100 100 100 100 100 100 100 100 100 100 100 100 100 100 100 100 100 100 100 100 100 100 100 100 100 100 100 100 100 100 100 100 100 100 100 100 100 100 100 100 100 100 100 100 100 100 100 100 100 100 100 100 100 100 100 100 100 100 100 100 100 100 100 100 100 100 100 100 100 100 100 100 100 100 100 100 100 100 100 100 100 100 100 100 100 100 100 100 100 100 100 100 100 
mr 0 1 -200
qbs
qts
mr 0 2 -200
qbs
qts
mr 0 3 -200
qbs
qts
mr 0 4 -200
qbs
qts
mr 0 5 -200
qbs
qts
mr 0 6 -200
qbs
qts
mr 0 7 -200
qbs
qts
mr 0 8 -200
qbs
qts
mr 0 9 -200
qbs
qts
mr 0 10 -200
qbs
qts
mr 0 11 -200
qbs
qts
mr 0 12 -200
qbs
qts
mr 0 13 -200
qbs
qts
mr 0 14 -200
qbs
qts
mr 0 15 -200
qbs
qts
mr 0 16 -200
qbs
qts
mr 0 17 -200
qbs
qts
mr 0 18 -200
qbs
qts
mr 0 19 -200
qbs
qts
mr 0 20 -200
qbs
qts
mr 0 21 -200
qbs
qts
mr 0 22 -200
qbs
qts
mr 0 23 -200
qbs
qts
mr 0 24 -200
qbs
qts
mr 0 25 -200
qbs
qts
mr 0 26 -200
qbs
qts
mr 0 27 -200
qbs
qts
mr 0 28 -200
qbs
qts
mr 0 29 -200
qbs
qts
mr 0 30 -200
qbs
qts
mr 0 31 -200
qbs
qts
mr 0 32 -200
qbs
qts
mr 0 33 -200
qbs
qts
mr 0 34 -200
qbs
qts
mr 0 35 -200
qbs
qts
mr 0 36 -200
qbs
qts
mr 0 37 -200
qbs
qts
mr 0 38 -200
qbs
qts
mr 0 39 -200
qbs
qts
mr 0 40 -200
qbs
qts
mr 0 41 -200
qbs
qts
mr 0 42 -200
qbs
qts
mr 0 43 -200
qbs
qts
mr 0 44 -200
qbs
qts
mr 0 45 -200
qbs
qts
mr 0 46 -200
qbs
qts
mr 0 47 -200
qbs
qts
mr 0 48 -200
qbs
qts
mr 0 49 -200
qbs
qts
mr 0 50 -200
qbs
qts
mr 0 51 -200
qbs
qts
mr 0 52 -200
qbs
qts
mr 0 53 -200
qbs
qts
mr 0 54 -200
qbs
qts
mr 0 55 -200
qbs
qts
mr 0 56 -200
qbs
qts
mr 0 57 -200
qbs
qts
mr 0 58 -200
qbs
qts
mr 0 59 -200
qbs
qts
mr 0 60 -200
qbs
qts
mr 0 61 -200
qbs
qts
mr 0 62 -200
qbs
qts
mr 0 63 -200
qbs
qts
mr 0 64 -200
qbs
qts
mr 0 65 -200
qbs
qts
mr 0 66 -200
qbs
qts
mr 0 67 -200
qbs
qts
mr 0 68 -200
qbs
qts
mr 0 69 -200
qbs
qts
mr 0 70 -200
qbs
qts
mr 0 71 -200
qbs
qts
mr 0 72 -200
qbs
qts
mr 0 73 -200
qbs
qts
mr 0 74 -200
qbs
qts
mr 0 75 -200
qbs
qts
mr 0 76 -200
qbs
qts
mr 0 77 -200
qbs
qts
mr 0 78 -200
qbs
qts
mr 0 79 -200
qbs
qts
mr 0 80 -200
qbs
qts
mr 0 81 -200
qbs
qts
mr 0 82 -200
qbs
qts
mr 0 83 -200
qbs
qts
mr 0 84 -200
qbs
qts
mr 0 85 -200
qbs
qts
mr 0 86 -200
qbs
qts
mr 0 87 -200
qbs
qts
mr 0 88 -200
qbs
qts
mr 0 89 -200
qbs
qts
mr 0 90 -200
qbs
qts
mr 0 91 -200
qbs
qts
mr 0 92 -200
qbs
qts
mr 0 93 -200
qbs
qts
mr 0 94 -200
qbs
qts
mr 0 95 -200
qbs
qts
mr 0 96 -200
qbs
qts
mr 0 97 -200
qbs
qts
mr 0 98 -200
qbs
qts
mr 0 99 -200
qbs
qts
mr 1 2 -200
qbs
qts
mr 1 3 -200
qbs
qts
mr 1 4 -200
qbs
qts
mr 1 5 -200
qbs
qts
mr 1 6 -200
qbs
qts
mr 1 7 -200
qbs
qts
mr 1 8 -200
qbs
qts
mr 1 9 -200
qbs
qts
mr 1 10 -200
qbs
qts
mr 1 11 -200
qbs
qts
mr 1 12 -200
qbs
qts
mr 1 13 -200
qbs
qts
mr 1 14 -200
qbs
qts
mr 1 15 -200
qbs
qts
mr 1 16 -200
qbs
qts
mr 1 17 -200
qbs
qts
mr 1 18 -200
qbs
qts
mr 1 19 -200
qbs
qts
mr 1 20 -200
qbs
qts
mr 1 21 -200
qbs
qts
mr 1 22 -200
qbs
qts
mr 1 23 -200
qbs
qts
mr 1 24 -200
qbs
qts
mr 1 25 -200
qbs
qts
mr 1 26 -200
qbs
qts
mr 1 27 -200
qbs
qts
mr 1 28 -200
qbs
qts
mr 1 29 -200
qbs
qts
mr 1 30 -200
qbs
qts
mr 1 31 -200
qbs
qts
mr 1 32 -200
qbs
qts
mr 1 33 -200
qbs
qts
mr 1 34 -200
qbs
qts
mr 1 35 -200
qbs
qts
mr 1 36 -200
qbs
qts
mr 1 37 -200
qbs
qts
mr 1 38 -200
qbs
qts
mr 1 39 -200
qbs
qts
mr 1 40 -200
qbs
qts
mr 1 41 -200
qbs
qts
mr 1 42 -200
qbs
qts
mr 1 43 -200
qbs
qts
mr 1 44 -200
qbs
qts
mr 1 45 -200
qbs
qts
mr 1 46 -200
qbs
qts
mr 1 47 -200
qbs
qts
mr 1 48 -200
qbs
qts
mr 1 49 -200
qbs
qts
mr 1 50 -200
qbs
qts
mr 1 51 -200
qbs
qts
mr 1 52 -200
qbs
qts
mr 1 53 -200
qbs
qts
mr 1 54 -200
qbs
qts
mr 1 55 -200
qbs
qts
mr 1 56 -200
qbs
qts
mr 1 57 -200
qbs
qts
mr 1 58 -200
qbs
qts
mr 1 59 -200
qbs
qts
mr 1 60 -200
qbs
qts
mr 1 61 -200
qbs
qts
mr 1 62 -200
qbs
qts
mr 1 63 -200
qbs
qts
mr 1 64 -200
qbs
qts
mr 1 65 -200
qbs
qts
mr 1 66 -200
qbs
qts
mr 1 67 -200
qbs
qts
mr 1 68 -200
qbs
qts
mr 1 69 -200
qbs
qts
mr 1 70 -200
qbs
qts
mr 1 71 -200
qbs
qts
mr 1 72 -200
qbs
qts
mr 1 73 -200
qbs
qts
mr 1 74 -200
qbs
qts
mr 1 75 -200
qbs
qts
mr 1 76 -200
qbs
qts
mr 1 77 -200
qbs
qts
mr 1 78 -200
qbs
qts
mr 1 79 -200
qbs
qts
mr 1 80 -200
qbs
qts
mr 1 81 -200
qbs
qts
mr 1 82 -200
qbs
qts
mr 1 83 -200
qbs
qts
mr 1 84 -200
qbs
qts
mr 1 85 -200
qbs
qts
mr 1 86 -200
qbs
qts
mr 1 87 -200
qbs
qts
mr 1 88 -200
qbs
qts
mr 1 89 -200
qbs
qts
mr 1 90 -200
qbs
qts
mr 1 91 -200
qbs
qts
mr 1 92 -200
qbs
qts
mr 1 93 -200
qbs
qts
mr 1 94 -200
qbs
qts
mr 1 95 -200
qbs
qts
mr 1 96 -200
qbs
qts
mr 1 97 -200
qbs
qts
mr 1 98 -200
qbs
qts
mr 1 99 -200
qbs
qts
mr 2 3 -200
qbs
qts
mr 2 4 -200
qbs
qts
mr 2 5 -200
qbs
qts
mr 2 6 -200
qbs
qts
mr 2 7 -200
qbs
qts
mr 2 8 -200
qbs
qts
mr 2 9 -200
qbs
qts
mr 2 10 -200
qbs
qts
mr 2 11 -200
qbs
qts
mr 2 12 -200
qbs
qts
mr 2 13 -200
qbs
qts
mr 2 14 -200
qbs
qts
mr 2 15 -200
qbs
qts
mr 2 16 -200
qbs
qts
mr 2 17 -200
qbs
qts
mr 2 18 -200
qbs
qts
mr 2 19 -200
qbs
qts
mr 2 20 -200
qbs
qts
mr 2 21 -200
qbs
qts
mr 2 22 -200
qbs
qts
mr 2 23 -200
qbs
qts
mr 2 24 -200
qbs
qts
mr 2 25 -200
qbs
qts
mr 2 26 -200
qbs
qts
mr 2 27 -200
qbs
qts
mr 2 28 -200
qbs
qts
mr 2 29 -200
qbs
qts
mr 2 30 -200
qbs
qts
mr 2 31 -200
qbs
qts
mr 2 32 -200
qbs
qts
mr 2 33 -200
qbs
qts
mr 2 34 -200
qbs
qts
mr 2 35 -200
qbs
qts
mr 2 36 -200
qbs
qts
mr 2 37 -200
qbs
qts
mr 2 38 -200
qbs
qts
mr 2 39 -200
qbs
qts
mr 2 40 -200
qbs
qts
mr 2 41 -200
qbs
qts
mr 2 42 -200
qbs
qts
mr 2 43 -200
qbs
qts
mr 2 44 -200
qbs
qts
mr 2 45 -200
qbs
qts
mr 2 46 -200
qbs
qts
mr 2 47 -200
qbs
qts
mr 2 48 -200
qbs
qts
mr 2 49 -200
qbs
qts
mr 2 50 -200
qbs
qts
mr 2 51 -200
qbs
qts
mr 2 52 -200
qbs
qts
mr 2 53 -200
qbs
qts
mr 2 54 -200
qbs
qts
mr 2 55 -200
qbs
qts
mr 2 56 -200
qbs
qts
mr 2 57 -200
qbs
qts
mr 2 58 -200
qbs
qts
mr 2 59 -200
qbs
qts
mr 2 60 -200
qbs
qts
mr 2 61 -200
qbs
qts
mr 2 62 -200
qbs
qts
mr 2 63 -200
qbs
qts
mr 2 64 -200
qbs
qts
mr 2 65 -200
qbs
qts
mr 2 66 -200
qbs
qts
mr 2 67 -200
qbs
qts
mr 2 68 -200
qbs
qts
mr 2 69 -200
qbs
qts
mr 2 70 -200
qbs
qts
mr 2 71 -200
qbs
qts
mr 2 72 -200
qbs
qts
mr 2 73 -200
qbs
qts
mr 2 74 -200
qbs
qts
mr 2 75 -200
qbs
qts
mr 2 76 -200
qbs
qts
mr 2 77 -200
qbs
qts
mr 2 78 -200
qbs
qts
mr 2 79 -200
qbs
qts
mr 2 80 -200
qbs
qts
mr 2 81 -200
qbs
qts
mr 2 82 -200
qbs
qts
mr 2 83 -200
qbs
qts
mr 2 84 -200
qbs
qts
mr 2 85 -200
qbs
qts
mr 2 86 -200
qbs
qts
mr 2 87 -200
qbs
qts
mr 2 88 -200
qbs
qts
mr 2 89 -200
qbs
qts
mr 2 90 -200
qbs
qts
mr 2 91 -200
qbs
qts
mr 2 92 -200
qbs
qts
mr 2 93 -200
qbs
qts
mr 2 94 -200
qbs
qts
mr 2 95 -200
qbs
qts
mr 2 96 -200
qbs
qts
mr 2 97 -200
qbs
qts
mr 2 98 -200
qbs
qts
mr 2 99 -200
qbs
qts
mr 3 4 -200
qbs
qts
mr 3 5 -200
qbs
qts
mr 3 6 -200
qbs
qts
mr 3 7 -200
qbs
qts
mr 3 8 -200
qbs
qts
mr 3 9 -200
qbs
qts
mr 3 10 -200
qbs
qts
mr 3 11 -200
qbs
qts
mr 3 12 -200
qbs
qts
mr 3 13 -200
qbs
qts
mr 3 14 -200
qbs
qts
mr 3 15 -200
qbs
qts
mr 3 16 -200
qbs
qts
mr 3 17 -200
qbs
qts
mr 3 18 -200
qbs
qts
mr 3 19 -200
qbs
qts
mr 3 20 -200
qbs
qts
mr 3 21 -200
qbs
qts
mr 3 22 -200
qbs
qts
mr 3 23 -200
qbs
qts
mr 3 24 -200
qbs
qts
mr 3 25 -200
qbs
qts
mr 3 26 -200
qbs
qts
mr 3 27 -200
qbs
qts
mr 3 28 -200
qbs
qts
mr 3 29 -200
qbs
qts
mr 3 30 -200
qbs
qts
mr 3 31 -200
qbs
qts
mr 3 32 -200
qbs
qts
mr 3 33 -200
qbs
qts
mr 3 34 -200
qbs
qts
mr 3 35 -200
qbs
qts
mr 3 36 -200
qbs
qts
mr 3 37 -200
qbs
qts
mr 3 38 -200
qbs
qts
mr 3 39 -200
qbs
qts
mr 3 40 -200
qbs
qts
mr 3 41 -200
qbs
qts
mr 3 42 -200
qbs
qts
mr 3 43 -200
qbs
qts
mr 3 44 -200
qbs
qts
mr 3 45 -200
qbs
qts
mr 3 46 -200
qbs
qts
mr 3 47 -200
qbs
qts
mr 3 48 -200
qbs
qts
mr 3 49 -200
qbs
qts
mr 3 50 -200
qbs
qts
mr 3 51 -200
qbs
qts
mr 3 52 -200
qbs
qts
mr 3 53 -200
qbs
qts
mr 3 54 -200
qbs
qts
mr 3 55 -200
qbs
qts
mr 3 56 -200
qbs
qts
mr 3 57 -200
qbs
qts
mr 3 58 -200
qbs
qts
mr 3 59 -200
qbs
qts
mr 3 60 -200
qbs
qts
mr 3 61 -200
qbs
qts
mr 3 62 -200
qbs
qts
mr 3 63 -200
qbs
qts
mr 3 64 -200
qbs
qts
mr 3 65 -200
qbs
qts
mr 3 66 -200
qbs
qts
mr 3 67 -200
qbs
qts
mr 3 68 -200
qbs
qts
mr 3 69 -200
qbs
qts
mr 3 70 -200
qbs
qts
mr 3 71 -200
qbs
qts
mr 3 72 -200
qbs
qts
mr 3 73 -200
qbs
qts
mr 3 74 -200
qbs
qts
mr 3 75 -200
qbs
qts
mr 3 76 -200
qbs
qts
mr 3 77 -200
qbs
qts
mr 3 78 -200
qbs
qts
mr 3 79 -200
qbs
qts
mr 3 80 -200
qbs
qts
mr 3 81 -200
qbs
qts
mr 3 82 -200
qbs
qts
mr 3 83 -200
qbs
qts
mr 3 84 -200
qbs
qts
mr 3 85 -200
qbs
qts
mr 3 86 -200
qbs
qts
mr 3 87 -200
qbs
qts
mr 3 88 -200
qbs
qts
mr 3 89 -200
qbs
qts
mr 3 90 -200
qbs
qts
mr 3 91 -200
qbs
qts
mr 3 92 -200
qbs
qts
mr 3 93 -200
qbs
qts
mr 3 94 -200
qbs
qts
mr 3 95 -200
qbs
qts
mr 3 96 -200
qbs
qts
mr 3 97 -200
qbs
qts
mr 3 98 -200
qbs
qts
mr 3 99 -200
qbs
qts
mr 4 5 -200
qbs
qts
mr 4 6 -200
qbs
qts
mr 4 7 -200
qbs
qts
mr 4 8 -200
qbs
qts
mr 4 9 -200
qbs
qts
mr 4 10 -200
qbs
qts
mr 4 11 -200
qbs
qts
mr 4 12 -200
qbs
qts
mr 4 13 -200
qbs
qts
mr 4 14 -200
qbs
qts
mr 4 15 -200
qbs
qts
mr 4 16 -200
qbs
qts
mr 4 17 -200
qbs
qts
mr 4 18 -200
qbs
qts
mr 4 19 -200
qbs
qts
mr 4 20 -200
qbs
qts
mr 4 21 -200
qbs
qts
mr 4 22 -200
qbs
qts
mr 4 23 -200
qbs
qts
mr 4 24 -200
qbs
qts
mr 4 25 -200
qbs
qts
mr 4 26 -200
qbs
qts
mr 4 27 -200
qbs
qts
mr 4 28 -200
qbs
qts
mr 4 29 -200
qbs
qts
mr 4 30 -200
qbs
qts
mr 4 31 -200
qbs
qts
mr 4 32 -200
qbs
qts
mr 4 33 -200
qbs
qts
mr 4 34 -200
qbs
qts
mr 4 35 -200
qbs
qts
mr 4 36 -200
qbs
qts
mr 4 37 -200
qbs
qts
mr 4 38 -200
qbs
qts
mr 4 39 -200
qbs
qts
mr 4 40 -200
qbs
qts
mr 4 41 -200
qbs
qts
mr 4 42 -200
qbs
qts
mr 4 43 -200
qbs
qts
mr 4 44 -200
qbs
qts
mr 4 45 -200
qbs
qts
mr 4 46 -200
qbs
qts
mr 4 47 -200
qbs
qts
mr 4 48 -200
qbs
qts
mr 4 49 -200
qbs
qts
mr 4 50 -200
qbs
qts
mr 4 51 -200
qbs
qts
mr 4 52 -200
qbs
qts
mr 4 53 -200
qbs
qts
mr 4 54 -200
qbs
qts
mr 4 55 -200
qbs
qts
mr 4 56 -200
qbs
qts
mr 4 57 -200
qbs
qts
mr 4 58 -200
qbs
qts
mr 4 59 -200
qbs
qts
mr 4 60 -200
qbs
qts
mr 4 61 -200
qbs
qts
mr 4 62 -200
qbs
qts
mr 4 63 -200
qbs
qts
mr 4 64 -200
qbs
qts
mr 4 65 -200
qbs
qts
mr 4 66 -200
qbs
qts
mr 4 67 -200
qbs
qts
mr 4 68 -200
qbs
qts
mr 4 69 -200
qbs
qts
mr 4 70 -200
qbs
qts
mr 4 71 -200
qbs
qts
mr 4 72 -200
qbs
qts
mr 4 73 -200
qbs
qts
mr 4 74 -200
qbs
qts
mr 4 75 -200
qbs
qts
mr 4 76 -200
qbs
qts
mr 4 77 -200
qbs
qts
mr 4 78 -200
qbs
qts
mr 4 79 -200
qbs
qts
mr 4 80 -200
qbs
qts
mr 4 81 -200
qbs
qts
mr 4 82 -200
qbs
qts
mr 4 83 -200
qbs
qts
mr 4 84 -200
qbs
qts
mr 4 85 -200
qbs
qts
mr 4 86 -200
qbs
qts
mr 4 87 -200
qbs
qts
mr 4 88 -200
qbs
qts
mr 4 89 -200
qbs
qts
mr 4 90 -200
qbs
qts
mr 4 91 -200
qbs
qts
mr 4 92 -200
qbs
qts
mr 4 93 -200
qbs
qts
mr 4 94 -200
qbs
qts
mr 4 95 -200
qbs
qts
mr 4 96 -200
qbs
qts
mr 4 97 -200
qbs
qts
mr 4 98 -200
qbs
qts
mr 4 99 -200
qbs
qts
mr 5 6 -200
qbs
qts
mr 5 7 -200
qbs
qts
mr 5 8 -200
qbs
qts
mr 5 9 -200
qbs
qts
mr 5 10 -200
qbs
qts
mr 5 11 -200
qbs
qts
mr 5 12 -200
qbs
qts
mr 5 13 -200
qbs
qts
mr 5 14 -200
qbs
qts
mr 5 15 -200
qbs
qts
mr 5 16 -200
qbs
qts
mr 5 17 -200
qbs
qts
mr 5 18 -200
qbs
qts
mr 5 19 -200
qbs
qts
mr 5 20 -200
qbs
qts
mr 5 21 -200
qbs
qts
mr 5 22 -200
qbs
qts
mr 5 23 -200
qbs
qts
mr 5 24 -200
qbs
qts
mr 5 25 -200
qbs
qts
mr 5 26 -200
qbs
qts
mr 5 27 -200
qbs
qts
mr 5 28 -200
qbs
qts
mr 5 29 -200
qbs
qts
mr 5 30 -200
qbs
qts
mr 5 31 -200
qbs
qts
mr 5 32 -200
qbs
qts
mr 5 33 -200
qbs
qts
mr 5 34 -200
qbs
qts
mr 5 35 -200
qbs
qts
mr 5 36 -200
qbs
qts
mr 5 37 -200
qbs
qts
mr 5 38 -200
qbs
qts
mr 5 39 -200
qbs
qts
mr 5 40 -200
qbs
qts
mr 5 41 -200
qbs
qts
mr 5 42 -200
qbs
qts
mr 5 43 -200
qbs
qts
mr 5 44 -200
qbs
qts
mr 5 45 -200
qbs
qts
mr 5 46 -200
qbs
qts
mr 5 47 -200
qbs
qts
mr 5 48 -200
qbs
qts
mr 5 49 -200
qbs
qts
mr 5 50 -200
qbs
qts
mr 5 51 -200
qbs
qts
mr 5 52 -200
qbs
qts
mr 5 53 -200
qbs
qts
mr 5 54 -200
qbs
qts
mr 5 55 -200
qbs
qts
mr 5 56 -200
qbs
qts
mr 5 57 -200
qbs
qts
mr 5 58 -200
qbs
qts
mr 5 59 -200
qbs
qts
mr 5 60 -200
qbs
qts
mr 5 61 -200
qbs
qts
mr 5 62 -200
qbs
qts
mr 5 63 -200
qbs
qts
mr 5 64 -200
qbs
qts
mr 5 65 -200
qbs
qts
mr 5 66 -200
qbs
qts
mr 5 67 -200
qbs
qts
mr 5 68 -200
qbs
qts
mr 5 69 -200
qbs
qts
mr 5 70 -200
qbs
qts
mr 5 71 -200
qbs
qts
mr 5 72 -200
qbs
qts
mr 5 73 -200
qbs
qts
mr 5 74 -200
qbs
qts
mr 5 75 -200
qbs
qts
mr 5 76 -200
qbs
qts
mr 5 77 -200
qbs
qts
mr 5 78 -200
qbs
qts
mr 5 79 -200
qbs
qts
mr 5 80 -200
qbs
qts
mr 5 81 -200
qbs
qts
mr 5 82 -200
qbs
qts
mr 5 83 -200
qbs
qts
mr 5 84 -200
qbs
qts
mr 5 85 -200
qbs
qts
mr 5 86 -200
qbs
qts
mr 5 87 -200
qbs
qts
mr 5 88 -200
qbs
qts
mr 5 89 -200
qbs
qts
mr 5 90 -200
qbs
qts
mr 5 91 -200
qbs
qts
mr 5 92 -200
qbs
qts
mr 5 93 -200
qbs
qts
mr 5 94 -200
qbs
qts
mr 5 95 -200
qbs
qts
mr 5 96 -200
qbs
qts
mr 5 97 -200
qbs
qts
mr 5 98 -200
qbs
qts
mr 5 99 -200
qbs
qts
mr 6 7 -200
qbs
qts
mr 6 8 -200
qbs
qts
mr 6 9 -200
qbs
qts
mr 6 10 -200
qbs
qts
mr 6 11 -200
qbs
qts
mr 6 12 -200
qbs
qts
mr 6 13 -200
qbs
qts
mr 6 14 -200
qbs
qts
mr 6 15 -200
qbs
qts
mr 6 16 -200
qbs
qts
mr 6 17 -200
qbs
qts
mr 6 18 -200
qbs
qts
mr 6 19 -200
qbs
qts
mr 6 20 -200
qbs
qts
mr 6 21 -200
qbs
qts
mr 6 22 -200
qbs
qts
mr 6 23 -200
qbs
qts
mr 6 24 -200
qbs
qts
mr 6 25 -200
qbs
qts
mr 6 26 -200
qbs
qts
mr 6 27 -200
qbs
qts
mr 6 28 -200
qbs
qts
mr 6 29 -200
qbs
qts
mr 6 30 -200
qbs
qts
mr 6 31 -200
qbs
qts
mr 6 32 -200
qbs
qts
mr 6 33 -200
qbs
qts
mr 6 34 -200
qbs
qts
mr 6 35 -200
qbs
qts
mr 6 36 -200
qbs
qts
mr 6 37 -200
qbs
qts
mr 6 38 -200
qbs
qts
mr 6 39 -200
qbs
qts
mr 6 40 -200
qbs
qts
mr 6 41 -200
qbs
qts
mr 6 42 -200
qbs
qts
mr 6 43 -200
qbs
qts
mr 6 44 -200
qbs
qts
mr 6 45 -200
qbs
qts
mr 6 46 -200
qbs
qts
mr 6 47 -200
qbs
qts
mr 6 48 -200
qbs
qts
mr 6 49 -200
qbs
qts
mr 6 50 -200
qbs
qts
mr 6 51 -200
qbs
qts
mr 6 52 -200
qbs
qts
mr 6 53 -200
qbs
qts
mr 6 54 -200
qbs
qts
mr 6 55 -200
qbs
qts
mr 6 56 -200
qbs
qts
mr 6 57 -200
qbs
qts
mr 6 58 -200
qbs
qts
mr 6 59 -200
qbs
qts
mr 6 60 -200
qbs
qts
mr 6 61 -200
qbs
qts
mr 6 62 -200
qbs
qts
mr 6 63 -200
qbs
qts
mr 6 64 -200
qbs
qts
mr 6 65 -200
qbs
qts
mr 6 66 -200
qbs
qts
mr 6 67 -200
qbs
qts
mr 6 68 -200
qbs
qts
mr 6 69 -200
qbs
qts
mr 6 70 -200
qbs
qts
mr 6 71 -200
qbs
qts
mr 6 72 -200
qbs
qts
mr 6 73 -200
qbs
qts
mr 6 74 -200
qbs
qts
mr 6 75 -200
qbs
qts
mr 6 76 -200
qbs
qts
mr 6 77 -200
qbs
qts
mr 6 78 -200
qbs
qts
mr 6 79 -200
qbs
qts
mr 6 80 -200
qbs
qts
mr 6 81 -200
qbs
qts
mr 6 82 -200
qbs
qts
mr 6 83 -200
qbs
qts
mr 6 84 -200
qbs
qts
mr 6 85 -200
qbs
qts
mr 6 86 -200
qbs
qts
mr 6 87 -200
qbs
qts
mr 6 88 -200
qbs
qts
mr 6 89 -200
qbs
qts
mr 6 90 -200
qbs
qts
mr 6 91 -200
qbs
qts
mr 6 92 -200
qbs
qts
mr 6 93 -200
qbs
qts
mr 6 94 -200
qbs
qts
mr 6 95 -200
qbs
qts
mr 6 96 -200
qbs
qts
mr 6 97 -200
qbs
qts
mr 6 98 -200
qbs
qts
mr 6 99 -200
qbs
qts
mr 7 8 -200
qbs
qts
mr 7 9 -200
qbs
qts
mr 7 10 -200
qbs
qts
mr 7 11 -200
qbs
qts
mr 7 12 -200
qbs
qts
mr 7 13 -200
qbs
qts
mr 7 14 -200
qbs
qts
mr 7 15 -200
qbs
qts
mr 7 16 -200
qbs
qts
mr 7 17 -200
qbs
qts
mr 7 18 -200
qbs
qts
mr 7 19 -200
qbs
qts
mr 7 20 -200
qbs
qts
mr 7 21 -200
qbs
qts
mr 7 22 -200
qbs
qts
mr 7 23 -200
qbs
qts
mr 7 24 -200
qbs
qts
mr 7 25 -200
qbs
qts
mr 7 26 -200
qbs
qts
mr 7 27 -200
qbs
qts
mr 7 28 -200
qbs
qts
mr 7 29 -200
qbs
qts
mr 7 30 -200
qbs
qts
mr 7 31 -200
qbs
qts
mr 7 32 -200
qbs
qts
mr 7 33 -200
qbs
qts
mr 7 34 -200
qbs
qts
mr 7 35 -200
qbs
qts
mr 7 36 -200
qbs
qts
mr 7 37 -200
qbs
qts
mr 7 38 -200
qbs
qts
mr 7 39 -200
qbs
qts
mr 7 40 -200
qbs
qts
mr 7 41 -200
qbs
qts
mr 7 42 -200
qbs
qts
mr 7 43 -200
qbs
qts
mr 7 44 -200
qbs
qts
mr 7 45 -200
qbs
qts
mr 7 46 -200
qbs
qts
mr 7 47 -200
qbs
qts
mr 7 48 -200
qbs
qts
mr 7 49 -200
qbs
qts
mr 7 50 -200
qbs
qts
mr 7 51 -200
qbs
qts
mr 7 52 -200
qbs
qts
mr 7 53 -200
qbs
qts
mr 7 54 -200
qbs
qts
mr 7 55 -200
qbs
qts
mr 7 56 -200
qbs
qts
mr 7 57 -200
qbs
qts
mr 7 58 -200
qbs
qts
mr 7 59 -200
qbs
qts
mr 7 60 -200
qbs
qts
mr 7 61 -200
qbs
qts
mr 7 62 -200
qbs
qts
mr 7 63 -200
qbs
qts
mr 7 64 -200
qbs
qts
mr 7 65 -200
qbs
qts
mr 7 66 -200
qbs
qts
mr 7 67 -200
qbs
qts
mr 7 68 -200
qbs
qts
mr 7 69 -200
qbs
qts
mr 7 70 -200
qbs
qts
mr 7 71 -200
qbs
qts
mr 7 72 -200
qbs
qts
mr 7 73 -200
qbs
qts
mr 7 74 -200
qbs
qts
mr 7 75 -200
qbs
qts
mr 7 76 -200
qbs
qts
mr 7 77 -200
qbs
qts
mr 7 78 -200
qbs
qts
mr 7 79 -200
qbs
qts
mr 7 80 -200
qbs
qts
mr 7 81 -200
qbs
qts
mr 7 82 -200
qbs
qts
mr 7 83 -200
qbs
qts
mr 7 84 -200
qbs
qts
mr 7 85 -200
qbs
qts
mr 7 86 -200
qbs
qts
mr 7 87 -200
qbs
qts
mr 7 88 -200
qbs
qts
mr 7 89 -200
qbs
qts
mr 7 90 -200
qbs
qts
mr 7 91 -200
qbs
qts
mr 7 92 -200
qbs
qts
mr 7 93 -200
qbs
qts
mr 7 94 -200
qbs
qts
mr 7 95 -200
qbs
qts
mr 7 96 -200
qbs
qts
mr 7 97 -200
qbs
qts
mr 7 98 -200
qbs
qts
mr 7 99 -200
qbs
qts
mr 8 9 -200
qbs
qts
mr 8 10 -200
qbs
qts
mr 8 11 -200
qbs
qts
mr 8 12 -200
qbs
qts
mr 8 13 -200
qbs
qts
mr 8 14 -200
qbs
qts
mr 8 15 -200
qbs
qts
mr 8 16 -200
qbs
qts
mr 8 17 -200
qbs
qts
mr 8 18 -200
qbs
qts
mr 8 19 -200
qbs
qts
mr 8 20 -200
qbs
qts
mr 8 21 -200
qbs
qts
mr 8 22 -200
qbs
qts
mr 8 23 -200
qbs
qts
mr 8 24 -200
qbs
qts
mr 8 25 -200
qbs
qts
mr 8 26 -200
qbs
qts
mr 8 27 -200
qbs
qts
mr 8 28 -200
qbs
qts
mr 8 29 -200
qbs
qts
mr 8 30 -200
qbs
qts
mr 8 31 -200
qbs
qts
mr 8 32 -200
qbs
qts
mr 8 33 -200
qbs
qts
mr 8 34 -200
qbs
qts
mr 8 35 -200
qbs
qts
mr 8 36 -200
qbs
qts
mr 8 37 -200
qbs
qts
mr 8 38 -200
qbs
qts
mr 8 39 -200
qbs
qts
mr 8 40 -200
qbs
qts
mr 8 41 -200
qbs
qts
mr 8 42 -200
qbs
qts
mr 8 43 -200
qbs
qts
mr 8 44 -200
qbs
qts
mr 8 45 -200
qbs
qts
mr 8 46 -200
qbs
qts
mr 8 47 -200
qbs
qts
mr 8 48 -200
qbs
qts
mr 8 49 -200
qbs
qts
mr 8 50 -200
qbs
qts
mr 8 51 -200
qbs
qts
mr 8 52 -200
qbs
qts
mr 8 53 -200
qbs
qts
mr 8 54 -200
qbs
qts
mr 8 55 -200
qbs
qts
mr 8 56 -200
qbs
qts
mr 8 57 -200
qbs
qts
mr 8 58 -200
qbs
qts
mr 8 59 -200
qbs
qts
mr 8 60 -200
qbs
qts
mr 8 61 -200
qbs
qts
mr 8 62 -200
qbs
qts
mr 8 63 -200
qbs
qts
mr 8 64 -200
qbs
qts
mr 8 65 -200
qbs
qts
mr 8 66 -200
qbs
qts
mr 8 67 -200
qbs
qts
mr 8 68 -200
qbs
qts
mr 8 69 -200
qbs
qts
mr 8 70 -200
qbs
qts
mr 8 71 -200
qbs
qts
mr 8 72 -200
qbs
qts
mr 8 73 -200
qbs
qts
mr 8 74 -200
qbs
qts
mr 8 75 -200
qbs
qts
mr 8 76 -200
qbs
qts
mr 8 77 -200
qbs
qts
mr 8 78 -200
qbs
qts
mr 8 79 -200
qbs
qts
mr 8 80 -200
qbs
qts
mr 8 81 -200
qbs
qts
mr 8 82 -200
qbs
qts
mr 8 83 -200
qbs
qts
mr 8 84 -200
qbs
qts
mr 8 85 -200
qbs
qts
mr 8 86 -200
qbs
qts
mr 8 87 -200
qbs
qts
mr 8 88 -200
qbs
qts
mr 8 89 -200
qbs
qts
mr 8 90 -200
qbs
qts
mr 8 91 -200
qbs
qts
mr 8 92 -200
qbs
qts
mr 8 93 -200
qbs
qts
mr 8 94 -200
qbs
qts
mr 8 95 -200
qbs
qts
mr 8 96 -200
qbs
qts
mr 8 97 -200
qbs
qts
mr 8 98 -200
qbs
qts
mr 8 99 -200
qbs
qts
mr 9 10 -200
qbs
qts
mr 9 11 -200
qbs
qts
mr 9 12 -200
qbs
qts
mr 9 13 -200
qbs
qts
mr 9 14 -200
qbs
qts
mr 9 15 -200
qbs
qts
mr 9 16 -200
qbs
qts
mr 9 17 -200
qbs
qts
mr 9 18 -200
qbs
qts
mr 9 19 -200
qbs
qts
mr 9 20 -200
qbs
qts
mr 9 21 -200
qbs
qts
mr 9 22 -200
qbs
qts
mr 9 23 -200
qbs
qts
mr 9 24 -200
qbs
qts
mr 9 25 -200
qbs
qts
mr 9 26 -200
qbs
qts
mr 9 27 -200
qbs
qts
mr 9 28 -200
qbs
qts
mr 9 29 -200
qbs
qts
mr 9 30 -200
qbs
qts
mr 9 31 -200
qbs
qts
mr 9 32 -200
qbs
qts
mr 9 33 -200
qbs
qts
mr 9 34 -200
qbs
qts
mr 9 35 -200
qbs
qts
mr 9 36 -200
qbs
qts
mr 9 37 -200
qbs
qts
mr 9 38 -200
qbs
qts
mr 9 39 -200
qbs
qts
mr 9 40 -200
qbs
qts
mr 9 41 -200
qbs
qts
mr 9 42 -200
qbs
qts
mr 9 43 -200
qbs
qts
mr 9 44 -200
qbs
qts
mr 9 45 -200
qbs
qts
mr 9 46 -200
qbs
qts
mr 9 47 -200
qbs
qts
mr 9 48 -200
qbs
qts
mr 9 49 -200
qbs
qts
mr 9 50 -200
qbs
qts
mr 9 51 -200
qbs
qts
mr 9 52 -200
qbs
qts
mr 9 53 -200
qbs
qts
mr 9 54 -200
qbs
qts
mr 9 55 -200
qbs
qts
mr 9 56 -200
qbs
qts
mr 9 57 -200
qbs
qts
mr 9 58 -200
qbs
qts
mr 9 59 -200
qbs
qts
mr 9 60 -200
qbs
qts
mr 9 61 -200
qbs
qts
mr 9 62 -200
qbs
qts
mr 9 63 -200
qbs
qts
mr 9 64 -200
qbs
qts
mr 9 65 -200
qbs
qts
mr 9 66 -200
qbs
qts
mr 9 67 -200
qbs
qts
mr 9 68 -200
qbs
qts
mr 9 69 -200
qbs
qts
mr 9 70 -200
qbs
qts
mr 9 71 -200
qbs
qts
mr 9 72 -200
qbs
qts
mr 9 73 -200
qbs
qts
mr 9 74 -200
qbs
qts
mr 9 75 -200
qbs
qts
mr 9 76 -200
qbs
qts
mr 9 77 -200
qbs
qts
mr 9 78 -200
qbs
qts
mr 9 79 -200
qbs
qts
mr 9 80 -200
qbs
qts
mr 9 81 -200
qbs
qts
mr 9 82 -200
qbs
qts
mr 9 83 -200
qbs
qts
mr 9 84 -200
qbs
qts
mr 9 85 -200
qbs
qts
mr 9 86 -200
qbs
qts
mr 9 87 -200
qbs
qts
mr 9 88 -200
qbs
qts
mr 9 89 -200
qbs
qts
mr 9 90 -200
qbs
qts
mr 9 91 -200
qbs
qts
mr 9 92 -200
qbs
qts
mr 9 93 -200
qbs
qts
mr 9 94 -200
qbs
qts
mr 9 95 -200
qbs
qts
mr 9 96 -200
qbs
qts
mr 9 97 -200
qbs
qts
mr 9 98 -200
qbs
qts
mr 9 99 -200
qbs
qts
mr 10 11 -200
qbs
qts
mr 10 12 -200
qbs
qts
mr 10 13 -200
qbs
qts
mr 10 14 -200
qbs
qts
mr 10 15 -200
qbs
qts
mr 10 16 -200
qbs
qts
mr 10 17 -200
qbs
qts
mr 10 18 -200
qbs
qts
mr 10 19 -200
qbs
qts
mr 10 20 -200
qbs
qts
mr 10 21 -200
qbs
qts
mr 10 22 -200
qbs
qts
mr 10 23 -200
qbs
qts
mr 10 24 -200
qbs
qts
mr 10 25 -200
qbs
qts
mr 10 26 -200
qbs
qts
mr 10 27 -200
qbs
qts
mr 10 28 -200
qbs
qts
mr 10 29 -200
qbs
qts
mr 10 30 -200
qbs
qts
mr 10 31 -200
qbs